0.582625
0.605189
0.480946
0.370132
0.530416
0.478149
0.595163
0.541516
0.586789
0.342049
0.729211
0.487217
0.555051
0.513331
0.508923
0.594421
0.170865
0.447733
0.612407
0.513206
0.517059
0.550077
0.627798
0.495966
0.374312
0.509257
0.3569
0.439718
0.375209
0.545657
0.527542
0.520431
0.477576
0.419143
0.411886
0.429321
0.52263
0.598144
0.437696
0.457221
0.542238
0.613403
0.555597
0.530502
0.61328
0.408369
0.514852
0.505662
0.629694
0.488815
0.498861
0.516666
0.365586
0.470073
0.514137
0.543333
0.734911
0.453408
0.556312
0.472907
0.647466
0.45828
0.280481
0.531216
0.457589
0.522151
0.494615
0.232718
0.628621
0.567865
0.363984
0.641544
0.619526
0.555582
0.59526
0.271426
0.416035
0.691518
0.108604
0.540489
0.407926
0.493353
0.432776
0.529698
0.377758
0.405087
0.553357
0.368205
0.489448
0.234033
0.461074
0.482418
0.353245
0.152922
0.323958
0.576946
0.509206
0.489552
0.460062
0.470178
0.513959
0.295681
0.556822
0.682723
0.440049
0.469443
0.625428
0.402486
0.603514
0.554386
0.489328
0.526987
0.361075
0.542057
0.497667
0.580257
0.448685
0.51753
0.594742
0.484042
0.583385
0.609382
0.69014
0.626551
0.389666
0.521085
0.552537
0.531607
0.574093
0.741633
0.502992
0.555074
0.536447
0.41077
0.534364
0.687323
0.47671
0.584937
0.478271
0.645052
0.515944
0.460844
0.546836
0.566113
0.377665
0.565237
0.59311
0.588074
0.612506
0.62628
0.685211
0.518002
0.576817
0.511775
0.616498
0.50047
0.475752
0.463841
0.756491
0.545267
0.60327
0.422893
0.569323
0.530446
0.56645
0.438829
0.288834
0.51127
0.483209
0.39815
0.498024
0.629235
0.528324
0.61612
0.49265
0.474401
0.632746
0.514912
0.490508
0.494815
0.541659
0.526902
0.46254
0.461328
0.646857
0.544603
0.407366
0.56276
0.536128
0.524426
0.332836
0.562075
0.544462
0.583518
0.517191
0.593754
0.361122
0.572496
0.603461
0.413099
0.653277
0.67877
0.650572
0.392483
0.515508
0.50596
0.574457
0.529094
0.389648
0.559305
0.653609
0.394058
0.516054
0.509912
0.457991
0.483845
0.564747
0.500519
0.569442
0.503822
0.326433
0.520222
0.446478
0.630612
0.340041
0.578781
0.587142
0.545347
0.631653
0.619169
0.40297
0.59535
0.538749
0.605106
0.526547
0.525328
0.380545
0.341036
0.454406
0.341775
0.419317
0.58822
0.492075
0.577015
0.545934
0.584194
0.324098
0.490197
0.59914
0.587626
0.524231
0.531746
0.434336
0.432355
0.552263
0.603881
0.697254
0.549711
0.449832
0.500926
0.492284
0.40597
0.29845
0.475697
0.609361
0.473717
0.527318
0.52271
0.388569
0.702034
0.639225
0.408731
0.706775
0.660981
0.570267
0.314011
0.607052
0.456335
0.541333
0.388469
0.547974
0.533446
0.521804
0.411275
0.506759
0.515561
0.522608
0.565059
0.553056
0.614794
0.621847
0.390052
0.53932
0.640994
0.449864
0.473409
0.72471
0.49187
0.520091
0.413176
0.610315
0.407194
0.388824
0.40767
0.59862
0.569372
0.337747
0.58728
0.43876
0.481487
0.534623
0.62859
0.522619
0.488575
0.595074
0.610251
0.517059
0.363741
0.537436
0.602909
0.521296
0.634448
0.559977
0.613448
0.357194
0.135913
0.370466
0.419975
0.642492
0.516292
0.369746
0.476365
0.440153
0.441652
0.421845
0.373088
0.572176
0.485236
0.540921
0.636455
0.43325
0.342814
0.458315
0.544156
0.568151
0.359935
0.684645
0.566449
0.275689
0.373067
0.505372
0.59417
0.550596
0.618215
0.514112
0.42704
0.459936
0.532968
0.4922
0.540034
0.507477
0.455874
0.6068
0.517384
0.54422
0.525286
0.552396
0.315715
0.532914
0.605603
0.596059
0.538122
0.449016
0.649529
0.592638
0.660438
0.423306
0.653295
0.520002
0.451494
0.39395
0.464813
0.590032
0.594843
0.397663
0.665698
0.63731
0.609615
0.33151
0.490783
0.558984
0.588562
0.637976
0.579629
0.651246
0.615744
0.508847
0.425298
0.491545
0.592256
0.595907
0.517761
0.582621
0.624659
0.469743
0.455524
0.484569
0.510244
0.481854
0.448597
0.666041
0.599338
0.325631
0.422039
0.390427
0.610913
0.507594
0.479733
0.335063
0.560234
0.494503
0.477869
0.65003
0.611389
0.586595
0.59052
0.215336
0.536556
0.59414
0.674575
0.551947
0.566338
0.445559
0.391107
0.503686
0.468674
0.571862
0.601948
0.451132
0.55148
0.530841
0.513276
0.861309
0.387935
0.54427
0.494111
0.564082
0.625104
0.579665
0.509495
0.25397
0.373339
0.522077
0.624079
0.422762
0.501329
0.561353
0.614423
0.576033
0.259856
0.615106
0.467193
0.597064
0.456836
0.407144
0.409902
0.600189
0.541613
0.518421
0.513931
0.273953
0.509287
0.530272
0.53806
0.286624
0.527698
0.46471
0.230676
0.60056
0.485954
0.379269
0.641934
0.518166
0.503523
0.614787
0.486654
0.457381
0.639993
0.557747
0.654133
0.572565
0.451912
0.604249
0.570644
0.678801
0.405869
0.530213
0.679997
0.424284
0.655786
0.607369
0.519733
0.617408
0.466508
0.5087
0.522946
0.362457
0.397979
0.52532
0.521548
0.593597
0.577765
0.530761
0.554496
0.498985
0.603613
0.367742
0.267988
0.441406
0.14237
0.52119
0.437879
0.443568
0.515338
0.475631
0.543463
0.490075
0.397377
0.577701
0.546546
0.515619
0.713235
0.397674
0.5194
0.484778
0.40912
0.306247
0.557125
0.679677
0.536709
0.480068
0.166306
0.669632
0.511257
0.586125
0.443501
0.577204
0.481125
0.527551
0.382844
0.429907
0.459534
0.553692
0.53582
0.464783
0.318214
0.53436
0.415727
0.507253
0.361919
0.525868
0.371002
0.638528
0.512747
0.395444
0.377685
0.476922
0.361421
0.58465
0.245527
0.555661
0.59645
0.424144
0.574997
0.467107
0.51084
0.562763
0.584429
0.586312
0.488407
0.518818
0.493203
0.553171
0.586834
0.450614
0.515981
0.577743
0.6071
0.533533
0.584365
0.44612
0.562689
0.48898
0.461355
0.558272
0.589843
0.495589
0.522266
0.49238
0.446058
0.468622
0.564409
0.380371
0.595455
0.644733
0.536119
0.518522
0.544211
0.59544
0.658521
0.184021
0.48795
0.460753
0.591943
0.416927
0.399402
0.654954
0.606731
0.630999
0.526139
0.50653
0.605623
0.625813
0.577179
0.449508
0.496478
0.50172
0.473115
0.581859
0.362555
0.550292
0.458571
0.612346
0.494191
0.544691
0.49987
0.379102
0.458472
0.590283
0.56276
0.383687
0.514106
0.676073
0.501182
0.521076
0.400968
0.664624
0.482885
0.430677
0.405252
0.179692
0.586189
0.436767
0.666203
0.595765
0.54228
0.465075
0.615236
0.670441
0.678182
0.498454
0.629076
0.528458
0.404164
0.507822
0.372765
0.5012
0.543848
0.563628
0.67187
0.473357
0.490313
0.709752
0.57938
0.334779
0.462786
0.542489
0.25495
0.604155
0.367469
0.52995
0.503856
0.547399
0.59848
0.59641
0.644256
0.591144
0.430369
0.591914
0.56948
0.412183
0.544486
0.539867
0.354672
0.509619
0.185498
0.519506
0.297709
0.574025
0.492235
0.569987
0.558628
0.582779
0.666132
0.514698
0.491546
0.602884
0.720611
0.422449
0.477276
0.440907
0.576081
0.360515
0.552366
0.151008
0.578236
0.534986
0.532035
0.57942
0.606272
0.419981
0.566947
0.594309
0.573861
0.4975
0.479493
0.588496
0.519203
0.371448
0.48952
0.436161
0.458444
0.551661
0.649838
0.591835
0.585488
0.578228
0.386213
0.375928
0.523108
0.557129
0.489485
0.184527
0.622685
0.507988
0.638608
0.517181
0.232075
0.610521
0.43626
0.559548
0.501486
0.662388
0.488751
0.536968
0.319228
0.474818
0.55689
0.555036
0.494027
0.526268
0.595815
0.630379
0.73859
0.617518
0.532483
0.525923
0.469425
0.49803
0.615321
0.64226
0.378732
0.469018
0.522409
0.599166
0.569017
0.505625
0.47346
0.540701
0.470073
0.59393
0.449328
0.481932
0.509751
0.497091
0.522333
0.574966
0.544385
0.477649
0.495345
0.571454
0.49424
0.567215
0.459974
0.155434
0.475172
0.444933
0.572753
0.389352
0.340943
0.514486
0.317669
0.469775
0.514732
0.480545
0.618916
0.544504
0.579103
0.588434
0.623755
0.660622
0.563608
0.528433
0.501309
0.56946
0.333117
0.534295
0.429362
0.647077
0.47291
0.555087
0.517587
0.619614
0.703583
0.453908
0.378097
0.684236
0.507874
0.484109
0.605252
0.50644
0.568836
0.557145
0.442831
0.287227
0.515089
0.496269
0.597781
0.324543
0.549798
0.395129
0.55267
0.569013
0.567964
0.593403
0.608218
0.497489
0.498504
0.581403
0.599566
0.537677
0.598727
0.21351
0.58846
0.516372
0.432573
0.687135
0.32423
0.510864
0.451214
0.584405
0.673236
0.40577
0.474378
0.551687
0.572001
0.521747
0.35368
0.609238
0.574316
0.590705
0.368598
0.52899
0.505054
0.408493
0.544094
0.490359
0.491562
0.558343
0.504737
0.347923
0.499641
0.499588
0.383743
0.389265
0.56174
0.541473
0.488134
0.572435
0.449679
0.519664
0.388176
0.506137
0.504859
0.605683
0.496526
0.530295
0.549256
0.484171
0.499382
0.728193
0.524547
0.506515
0.555304
0.416617
0.367745
0.701055
0.575336
0.548775
0.512065
0.666615
0.651832
0.452938
0.518185
0.591576
0.473525
0.635845
0.435871
0.48444
0.474973
0.544264
0.486084
0.576674
0.400411
0.554429
0.538202
0.459938
0.512674
0.44539
0.547367
0.516453
0.55512
0.628168
0.421735
0.714068
0.633226
0.428468
0.662164
0.406776
0.52477
0.366646
0.528361
0.548236
0.510364
0.275494
0.554749
0.456081
0.589783
0.387059
0.527609
0.605817
0.651888
0.407732
0.355876
0.52113
0.627696
0.61516
0.49426
0.624574
0.656284
0.703845
0.647867
0.297685
0.482956
0.338444
0.641594
0.543763
0.558516
0.577136
0.462707
0.513753
0.62498
0.314615
0.640068
0.531003
0.368631
0.549835
0.368372
0.594254
0.587881
0.483745
0.516274
0.312643
0.541784
0.527247
0.355426
0.482551
0.448355
0.340703
0.555173
0.412887
0.515252
0.501354
0.505987
0.560544
0.372552
0.234097
0.518074
0.487118
0.424303
0.530264
0.607113
0.633124
0.569307
0.404718
0.600414
0.553232
0.415107
0.372159
0.424328
0.653346
0.475125
0.355298
0.385444
0.426367
0.504931
0.695905
0.392541
0.544586
0.507113
0.401816
0.197535
0.508433
0.470424
0.34734
0.556409
0.434917
0.641725
0.370453
0.599344
0.444196
0.562598
0.512205
0.616894
0.525096
0.471115
0.532568
0.586162
0.334696
0.462458
0.441862
0.568731
0.69972
0.541817
0.602309
0.162396
0.463755
0.462236
0.510527
0.44327
0.426448
0.363849
0.624486
0.691988
0.641694
0.580276
0.341014
0.526615
0.449939
0.371719
0.509617
0.583942
0.402196
0.607351
0.544135
0.492419
0.503593
0.428214
0.333815
0.510909
0.338004
0.526952
0.42516
0.62199
0.384413
0.512767
0.355233
0.402398
0.489391
0.610361
0.744059
0.526024
0.540576
0.550415
0.498648
0.57671
0.589087
0.520445
0.517941
0.496323
0.454984
0.280838
0.664007
0.656104
0.520609
0.526098
0.367329
0.582596
0.646033
0.507913
0.315249
0.176512
0.633225
0.340873
0.537896
0.543101
0.541476
0.558226
0.368099
0.419449
0.645442
0.545589
0.117322
0.421189
0.398512
0.583451
0.392631
0.560728
0.459974
0.415154
0.434359
0.551234
0.550855
0.460159
0.687511
0.564402
0.338604
0.538753
0.547058
0.604944
0.624496
0.419548
0.558177
0.591809
0.339652
0.374282
0.629194
0.463605
0.691388
0.642923
0.642008
0.507522
0.269133
0.509647
0.556377
0.463718
0.420697
0.501726
0.650415
0.39478
0.628153
0.390906
0.337336
0.48097
0.55253
0.418259
0.639959
0.576434
0.476346
0.588208
0.577942
0.745024
0.505294
0.56215
0.263901
0.638151
0.53064
0.572477
0.557851
0.515351
0.462058
0.574651
0.559621
0.577061
0.495395
0.347216
0.451575
0.541045
0.670018
0.565182
0.626099
0.636862
0.403601
0.270891
0.485322
0.504628
0.471205
0.188971
0.442291
0.500911
0.447067
0.416743
0.62469
0.548691
0.451894
0.146769
0.4716
0.539205
0.567789
0.598222
0.643926
0.446061
0.295076
0.598391
0.489562
0.516323
0.703117
0.510712
0.573523
0.53371
0.502644
0.30555
0.405894
0.456187
0.483151
0.574692
0.59855
0.448981
0.344232
0.528902
0.886092
0.480718
0.503741
0.607404
0.464329
0.679375
0.488931
0.513953
0.492458
0.543271
0.564086
0.562389
0.517384
0.721228
0.404107
0.574217
0.457434
0.613183
0.632289
0.618455
0.688547
0.643084
0.488454
0.615136
0.439777
0.578262
0.566755
0.814657
0.574981
0.297364
0.565539
0.5197
0.546735
0.656279
0.548212
0.461234
0.527441
0.582026
0.513969
0.474016
0.368117
0.511599
0.632495
0.692709
0.383334
0.558901
0.610547
0.421114
0.561191
0.601358
0.492502
0.453311
0.745655
0.299877
0.490216
0.510259
0.658183
0.514196
0.558466
0.253977
0.583109
0.559393
0.152122
0.403597
0.512601
0.433809
0.624001
0.522
0.597428
0.496924
0.474267
0.408408
0.391701
0.506493
0.534103
0.419294
0.449254
0.642495
0.541084
0.373264
0.456377
0.501001
0.552491
0.370823
0.317579
0.540379
0.515922
0.497575
0.534379
0.604466
0.591321
0.632237
0.544997
0.598683
0.629225
0.580978
0.473096
0.451073
0.353575
0.573425
0.641239
0.626144
0.52171
0.46763
0.478501
0.59462
0.649216
0.387694
0.597041
0.522663
0.724032
0.640294
0.492254
0.310816
0.681631
0.472462
0.455151
0.652851
0.429751
0.521987
0.52532
0.62669
0.503192
0.562377
0.484597
0.543927
0.552163
0.462721
0.548963
0.546731
0.452736
0.507483
0.655459
0.544466
0.651636
0.208389
0.392856
0.390408
0.512468
0.621679
0.524094
0.503266
0.299128
0.72403
0.646235
0.393816
0.468031
0.371521
0.510217
0.454876
0.576174
0.55577
0.400072
0.489299
0.554229
0.615538
0.554418
0.550618
0.612432
0.512431
0.53649
0.505296
0.491224
0.530528
0.52902
0.521803
0.617977
0.50948
0.53514
0.414128
0.44102
0.499003
0.546708
0.506719
0.416171
0.502453
0.546934
0.415725
0.555838
0.51167
0.268931
0.587871
0.620397
0.550152
0.552722
0.491542
0.517334
0.621908
0.521432
0.463786
0.459886
0.562562
0.485008
0.439637
0.526084
0.593007
0.441348
0.323894
0.387361
0.624304
0.602829
0.575011
0.548338
0.532311
0.623991
0.564308
0.577705
0.475139
0.453751
0.37253
0.591933
0.278853
0.576395
0.502517
0.540443
0.436325
0.555204
0.728236
0.529268
0.601537
0.46969
0.383473
0.51194
0.520746
0.53615
0.535469
0.666265
0.573504
0.545343
0.546449
0.763734
0.472347
0.188023
0.388593
0.629294
0.569677
0.541612
0.489755
0.603564
0.559289
0.396481
0.438899
0.620667
0.305312
0.57814
0.419717
0.521055
0.641196
0.499768
0.418386
0.625596
0.616135
0.458445
0.522857
0.0750048
0.612208
0.533443
0.380108
0.585156
0.582139
0.629336
0.649159
0.408689
0.680333
0.359458
0.611696
0.589677
0.239918
0.520452
0.545583
0.512403
0.602069
0.687588
0.143833
0.571182
0.503208
0.507494
0.59306
0.613983
0.422278
0.581191
0.417748
0.516861
0.520076
0.474499
0.237979
0.516468
0.525247
0.528176
0.396953
0.293519
0.557462
0.525985
0.617736
0.429864
0.361988
0.420292
0.425719
0.637879
0.573042
0.576591
0.465009
0.52629
0.550021
0.684714
0.488186
0.575705
0.599857
0.511398
0.584993
0.484258
0.66972
0.607213
0.546243
0.516004
0.371939
0.629618
0.448168
0.378242
0.621109
0.456005
0.537074
0.503722
0.661237
0.50695
0.422168
0.181095
0.521545
0.158521
0.628928
0.35165
0.504631
0.508373
0.57078
0.53761
0.260174
0.458932
0.350501
0.564971
0.390055
0.496127
0.424469
0.542297
0.411532
0.56921
0.423723
0.508705
0.411014
0.655661
0.250249
0.573385
0.547144
0.661874
0.541776
0.506471
0.459583
0.404385
0.310174
0.429388
0.664272
0.401601
0.204685
0.345392
0.21006
0.524634
0.536652
0.430586
0.625232
0.515836
0.555733
0.520186
0.504606
0.583619
0.480694
0.600186
0.391204
0.535916
0.528626
0.411252
0.53205
0.527899
0.304039
0.492379
0.564076
0.591623
0.535524
0.61931
0.287016
0.629197
0.471422
0.692711
0.504205
0.654099
0.419872
0.329325
0.504451
0.502028
0.505611
0.59164
0.439433
0.632145
0.375713
0.610188
0.519366
0.561977
0.682829
0.517059
0.60139
0.527668
0.568145
0.315171
0.524424
0.471149
0.524869
0.409372
0.464368
0.509122
0.440772
0.543589
0.546998
0.188964
0.556096
0.526559
0.527066
0.54163
0.680037
0.314546
0.613756
0.567502
0.575428
0.582653
0.553661
0.338374
0.337567
0.672954
0.687543
0.568589
0.548048
0.514319
0.525096
0.589444
0.579779
0.431644
0.386842
0.572295
0.544376
0.610989
0.561396
0.39585
0.554805
0.532804
0.606868
0.439025
0.42987
0.55126
0.529697
0.549601
0.605884
0.271954
0.479983
0.545126
0.390855
0.513978
0.506236
0.456781
0.527239
0.64127
0.491078
0.453524
0.481928
0.632323
0.476967
0.519119
0.261438
0.524113
0.273907
0.504842
0.548568
0.535543
0.693734
0.599879
0.518398
0.602022
0.643345
0.540666
0.582431
0.527331
0.492541
0.328354
0.597393
0.507248
0.458464
0.4161
0.250392
0.597082
0.591867
0.505847
0.5638
0.494758
0.545023
0.435247
0.567538
0.564752
0.367898
0.629808
0.506064
0.537818
0.586167
0.515941
0.42034
0.532118
0.552927
0.437311
0.220457
0.492818
0.515636
0.557584
0.637727
0.160477
0.691804
0.470014
0.54151
0.287336
0.598581
0.646244
0.418999
0.547815
0.489557
0.630864
0.482158
0.245904
0.402415
0.720148
0.629413
0.440457
0.514878
0.178898
0.518891
0.614561
0.603123
0.534719
0.545638
0.628119
0.645086
0.44555
0.389786
0.533963
0.470965
0.542333
0.418715
0.600684
0.474869
0.641257
0.603029
0.553795
0.596957
0.539661
0.558066
0.673081
0.52278
0.377208
0.354701
0.483333
0.443193
0.517808
0.641869
0.600892
0.533302
0.271596
0.491385
0.562232
0.441193
0.377692
0.48118
0.458151
0.442982
0.546543
0.834402
0.50236
0.524189
0.558434
0.582082
0.529605
0.641043
0.423845
0.570453
0.577235
0.364809
0.661894
0.632265
0.23006
0.551834
0.572282
0.540474
0.543308
0.459637
0.541975
0.544993
0.439665
0.433611
0.534555
0.625181
0.634108
0.464488
0.582245
0.579444
0.365986
0.0995222
0.631128
0.164788
0.583401
0.495173
0.369483
0.352455
0.461487
0.531552
0.576593
0.674484
0.449033
0.458815
0.521086
0.530493
0.5783
0.515018
0.425687
0.35784
0.603187
0.571042
0.577586
0.468331
0.63866
0.485212
0.574239
0.572077
0.528149
0.423479
0.49336
0.516925
0.217776
0.437682
0.594895
0.57045
0.390228
0.468406
0.545883
0.505602
0.522429
0.393246
0.713099
0.51725
0.542465
0.410759
0.561972
0.520349
0.411242
0.0854875
0.640683
0.441001
0.604408
0.486351
0.407763
0.576661
0.706531
0.41244
0.491598
0.612455
0.485747
0.418469
0.443611
0.56848
0.444018
0.527356
0.51251
0.584726
0.591645
0.533441
0.454907
0.450771
0.500187
0.342169
0.562146
0.604263
0.566152
0.549628
0.401761
0.496866
0.650842
0.45314
0.387519
0.601526
0.576118
0.576896
0.581545
0.351114
0.58731
0.576271
0.399849
0.528603
0.521653
0.23655
0.441245
0.517779
0.613323
0.506629
0.573115
0.385017
0.554892
0.344924
0.497598
0.543836
0.556149
0.467431
0.531001
0.612441
0.586874
0.590256
0.519335
0.507092
0.4683
0.635217
0.582267
0.544775
0.531785
0.5608
0.47312
0.553623
0.622336
0.429384
0.624928
0.435863
0.397164
0.515017
0.55149
0.479688
0.554828
0.672453
0.294847
0.613984
0.335118
0.493344
0.426658
0.435023
0.50581
0.228102
0.500834
0.524003
0.364936
0.438813
0.403417
0.465663
0.511881
0.590214
0.479144
0.56204
0.452493
0.503723
0.533263
0.277157
0.563932
0.503006
0.584862
0.607092
0.530937
0.551105
0.483488
0.317965
0.567839
0.375725
0.286365
0.484617
0.421223
0.505595
0.669637
0.598011
0.484718
0.562408
0.680599
0.417938
0.334764
0.488379
0.552318
0.55256
0.569937
0.524014
0.467336
0.660845
0.500745
0.550148
0.149684
0.152342
0.557034
0.453078
0.487045
0.37508
0.56461
0.51842
0.536942
0.556958
0.74736
0.42084
0.416696
0.319712
0.618702
0.455548
0.616239
0.487225
0.56796
0.510509
0.278307
0.482813
0.556996
0.653411
0.638439
0.521898
0.486972
0.568869
0.554584
0.399483
0.642388
0.348533
0.552702
0.529927
0.517269
0.451589
0.588096
0.242709
0.494108
0.483954
0.492752
0.567736
0.612028
0.559556
0.509882
0.447199
0.439108
0.5254
0.432975
0.611999
0.274047
0.565445
0.52861
0.478014
0.589569
0.442914
0.497077
0.418682
0.472875
0.512518
0.476265
0.209738
0.442104
0.446066
0.539402
0.39405
0.381655
0.36259
0.58004
0.570628
0.354941
0.339791
0.646589
0.401248
0.496004
0.571254
0.40128
0.607636
0.461074
0.54999
0.378988
0.506776
0.675793
0.630699
0.51235
0.537152
0.621855
0.35997
0.706876
0.557095
0.599987
0.547177
0.452112
0.55192
0.407623
0.525251
0.564711
0.601838
0.495712
0.407069
0.6659
0.646021
0.644993
0.240196
0.471586
0.544014
0.481562
0.608754
0.559877
0.334151
0.437173
0.552959
0.435265
0.429891
0.614585
0.370697
0.718613
0.533788
0.590145
0.571577
0.674499
0.547915
0.694158
0.439627
0.53774
0.537744
0.671849
0.460271
0.513136
0.460683
0.480185
0.601981
0.362513
0.457495
0.580357
0.595825
0.414699
0.527238
0.583708
0.430222
0.547446
0.61735
0.568687
0.609799
0.460926
0.450745
0.53251
0.471628
0.515323
0.141021
0.310303
0.59921
0.473177
0.358221
0.460649
0.434218
0.577213
0.593293
0.206167
0.588574
0.668455
0.638669
0.52414
0.55815
0.538646
0.488139
0.487215
0.643236
0.52954
0.473202
0.473977
0.551971
0.445425
0.657547
0.403969
0.480599
0.731317
0.628769
0.384234
0.717204
0.508987
0.400185
0.530747
0.389377
0.396349
0.546592
0.523896
0.606366
0.548189
0.557516
0.511596
0.589459
0.528408
0.608192
0.384996
0.571774
0.58248
0.573793
0.389602
0.611104
0.50736
0.555763
0.487665
0.523708
0.378516
0.556197
0.67476
0.355988
0.478768
0.25636
0.327483
0.523524
0.41635
0.291214
0.517367
0.326194
0.579204
0.570863
0.625867
0.624415
0.417493
0.586332
0.452344
0.527145
0.549319
0.460161
0.53914
0.47144
0.594755
0.635778
0.552469
0.473542
0.470261
0.448196
0.304213
0.547069
0.538677
0.449287
0.50318
0.513779
0.397284
0.505283
0.499594
0.559384
0.302022
0.544506
0.582584
0.488971
0.417317
0.61738
0.47937
0.429929
0.615861
0.450795
0.500817
0.565323
0.500075
0.441687
0.381967
0.515859
0.494137
0.477448
0.504599
0.38958
0.433025
0.528856
0.598398
0.369353
0.494692
0.397998
0.432825
0.247657
0.579257
0.551617
0.590414
0.444657
0.589194
0.468111
0.532149
0.548213
0.213833
0.605699
0.329707
0.445022
0.580849
0.371905
0.496255
0.565178
0.618551
0.385426
0.189495
0.394375
0.546479
0.27328
0.504629
0.677403
0.625193
0.158089
0.189144
0.0820143
0.384797
0.475925
0.541475
0.543395
0.557971
0.614482
0.5486
0.568568
0.506328
0.627676
0.483971
0.614669
0.521129
0.491191
0.80782
0.346192
0.573971
0.531297
0.406581
0.487365
0.503604
0.516717
0.595594
0.318029
0.629597
0.538002
0.363081
0.436393
0.425195
0.592117
0.590076
0.547148
0.341215
0.539195
0.230775
0.483997
0.639266
0.468934
0.539226
0.392916
0.422914
0.532525
0.526853
0.552818
0.475141
0.679196
0.591938
0.622236
0.539531
0.550962
0.468474
0.567343
0.603344
0.32723
0.451494
0.509307
0.580027
0.61184
0.599958
0.45653
0.578919
0.616467
0.610661
0.549688
0.605774
0.426237
0.741016
0.433753
0.54638
0.596133
0.523711
0.632171
0.372148
0.426198
0.542625
0.539511
0.483484
0.519463
0.483356
0.644558
0.597559
0.471026
0.538257
0.629903
0.549454
0.567065
0.413883
0.560568
0.4984
0.400053
0.511801
0.591979
0.415733
0.219201
0.422056
0.651536
0.593602
0.71928
0.567942
0.407191
0.633221
0.367035
0.544872
0.478278
0.526513
0.548303
0.423458
0.398241
0.515138
0.440644
0.332659
0.57449
0.551179
0.614705
0.482125
0.553318
0.324076
0.471633
0.413769
0.47604
0.490901
0.3928
0.552232
0.597667
0.50761
0.521871
0.545673
0.476103
0.312647
0.397636
0.534907
0.545762
0.469605
0.428028
0.534636
0.666523
0.602029
0.627989
0.518638
0.616152
0.486456
0.555297
0.681601
0.569181
0.551969
0.451825
0.477131
0.467771
0.530868
0.619668
0.396393
0.629825
0.507347
0.446335
0.44283
0.387236
0.59454
0.4869
0.58981
0.463205
0.561464
0.421641
0.505233
0.521335
0.548276
0.529425
0.248611
0.589499
0.580784
0.463152
0.58751
0.460917
0.524212
0.494565
0.682652
0.550825
0.475857
0.606509
0.334149
0.454252
0.446625
0.513831
0.520908
0.528915
0.482526
0.484786
0.455571
0.491987
0.640357
0.576661
0.467287
0.60422
0.503679
0.57589
0.41782
0.435561
0.597057
0.64068
0.670168
0.561218
0.54086
0.643784
0.712429
0.510704
0.511818
0.43061
0.515229
0.589097
0.423278
0.511641
0.469315
0.510943
0.625686
0.54085
0.510087
0.642775
0.559137
0.405941
0.111985
0.514429
0.59592
0.485068
0.439311
0.560128
0.558424
0.239133
0.563592
0.42588
0.372919
0.430261
0.701934
0.4939
0.742005
0.336244
0.597837
0.329981
0.453974
0.53979
0.507971
0.479192
0.526524
0.460066
0.484958
0.596355
0.52954
0.519935
0.401015
0.48188
0.626746
0.42103
0.631628
0.545906
0.221447
0.428529
0.319618
0.525452
0.613386
0.553254
0.550191
0.586339
0.45649
0.410909
0.596109
0.425088
0.312498
0.497655
0.563627
0.503121
0.500474
0.544376
0.486213
0.587151
0.524553
0.533726
0.539424
0.460803
0.577527
0.519074
0.467129
0.41614
0.52306
0.50362
0.371168
0.583735
0.52952
0.497463
0.579351
0.589277
0.418675
0.737049
0.577411
0.592586
0.527289
0.260518
0.412606
0.488935
0.525367
0.5851
0.444463
0.588949
0.526846
0.565151
0.421979
0.459325
0.601803
0.213122
0.412065
0.342701
0.525525
0.510162
0.544708
0.423171
0.378405
0.543762
0.484344
0.522917
0.603865
0.532023
0.59085
0.342883
0.450779
0.478461
0.584472
0.579937
0.603137
0.465308
0.409822
0.457871
0.312216
0.40506
0.531095
0.550053
0.525947
0.361075
0.620206
0.546914
0.605133
0.448805
0.44472
0.40255
0.47702
0.364829
0.512659
0.527389
0.68892
0.522025
0.464677
0.600312
0.397932
0.592156
0.57055
0.373645
0.636068
0.502222
0.170697
0.590119
0.480275
0.594118
0.360011
0.540898
0.615686
0.387836
0.530998
0.59923
0.629957
0.524906
0.607957
0.490621
0.353282
0.590204
0.487199
0.540652
0.571066
0.719149
0.257211
0.614949
0.402433
0.623296
0.481186
0.601093
0.498473
0.584086
0.53373
0.317106
0.510304
0.565843
0.59162
0.512033
0.557165
0.425655
0.508933
0.532047
0.412816
0.460987
0.494658
0.440865
0.567348
0.426779
0.445607
0.631697
0.670859
0.443546
0.530735
0.491206
0.686579
0.721025
0.457541
0.602099
0.443126
0.618431
0.520841
0.470154
0.473682
0.416791
0.600246
0.266499
0.233475
0.518731
0.44551
0.341724
0.326062
0.550974
0.510884
0.516681
0.423848
0.595277
0.529958
0.502332
0.553819
0.605813
0.446188
0.470739
0.535077
0.582565
0.450202
0.655476
0.488832
0.301288
0.664901
0.470837
0.486025
0.571923
0.591172
0.563536
0.181283
0.593368
0.481818
0.432573
0.609598
0.552562
0.514759
0.551904
0.452065
0.336707
0.554314
0.624146
0.543235
0.42608
0.633764
0.526963
0.443999
0.491427
0.410083
0.447289
0.554393
0.533971
0.619825
0.376754
0.499455
0.650596
0.206035
0.297812
0.493466
0.501138
0.655113
0.662777
0.15714
0.625697
0.45825
0.49152
0.469672
0.628212
0.561022
0.613536
0.377166
0.666012
0.297714
0.42795
0.498716
0.511268
0.571691
0.319739
0.621606
0.446763
0.193923
0.544468
0.425384
0.382141
0.633505
0.518123
0.63375
0.525433
0.437337
0.504208
0.353165
0.609377
0.508726
0.500514
0.26711
0.463959
0.517059
0.619645
0.671756
0.410072
0.595547
0.543076
0.530259
0.710378
0.677999
0.445055
0.468648
0.477618
0.423376
0.482229
0.623962
0.603362
0.478802
0.496995
0.564787
0.431545
0.493595
0.662774
0.100102
0.624341
0.508899
0.401466
0.470991
0.637107
0.585854
0.682583
0.614259
0.509591
0.46846
0.587886
0.444403
0.495106
0.555183
0.600844
0.456
0.565141
0.554729
0.597621
0.591217
0.383961
0.61725
0.458812
0.561647
0.425464
0.435771
0.446101
0.468569
0.441419
0.182012
0.643357
0.475159
0.573476
0.590056
0.526217
0.819944
0.569054
0.260109
0.475887
0.408608
0.35105
0.569082
0.471971
0.50734
0.482029
0.556498
0.375154
0.409216
0.413739
0.513338
0.55359
0.47077
0.347178
0.451464
0.305525
0.136269
0.319788
0.537338
0.578527
0.570584
0.499365
0.453456
0.515218
0.410383
0.5635
0.510975
0.480688
0.211223
0.421394
0.572359
0.399389
0.570934
0.580254
0.5116
0.620505
0.587534
0.368426
0.334647
0.44567
0.476256
0.509033
0.454069
0.60494
0.615741
0.53062
0.54891
0.302948
0.433963
0.594859
0.514996
0.417355
0.659965
0.627975
0.483427
0.528766
0.519773
0.538629
0.640649
0.519262
0.599019
0.524472
0.710317
0.370323
0.651821
0.517319
0.48524
0.450324
0.373006
0.434167
0.468206
0.541742
0.525792
0.555272
0.650485
0.554316
0.500997
0.691237
0.337147
0.437475
0.487548
0.382545
0.6592
0.515871
0.437082
0.267556
0.349458
0.415581
0.417962
0.499733
0.585032
0.44738
0.5154
0.519771
0.536464
0.395552
0.637576
0.692737
0.47314
0.661377
0.52127
0.517936
0.445056
0.543011
0.520953
0.587089
0.619634
0.451423
0.590669
0.326237
0.493271
0.571506
0.519849
0.422349
0.652475
0.367286
0.410832
0.512196
0.527911
0.374964
0.529156
0.547685
0.521742
0.561096
0.575403
0.480182
0.584369
0.384903
0.552515
0.65939
0.592857
0.567311
0.58233
0.527172
0.544973
0.42647
0.642715
0.552053
0.716035
0.367418
0.196735
0.423025
0.549639
0.359339
0.341355
0.559034
0.520264
0.545996
0.630747
0.422947
0.160863
0.470175
0.419389
0.576463
0.448395
0.541948
0.517059
0.500495
0.504401
0.569653
0.643127
0.535862
0.539222
0.252751
0.623463
0.27092
0.279186
0.467036
0.555738
0.65398
0.574074
0.51371
0.439244
0.384331
0.590852
0.205343
0.595031
0.398223
0.516054
0.305509
0.604527
0.453525
0.539193
0.133847
0.627546
0.268767
0.533317
0.517264
0.51275
0.433415
0.699504
0.612403
0.570683
0.590308
0.360858
0.441437
0.498925
0.545314
0.658013
0.284056
0.585557
0.451498
0.48122
0.550509
0.375947
0.349346
0.712987
0.502921
0.621421
0.525739
0.529691
0.493166
0.517341
0.523094
0.483939
0.43608
0.665798
0.455162
0.561682
0.513333
0.534542
0.4972
0.547611
0.459975
0.583332
0.575282
0.139036
0.424342
0.504222
0.490514
0.32969
0.475917
0.515129
0.595386
0.533079
0.60748
0.572961
0.547675
0.431745
0.513366
0.505582
0.503909
0.462658
0.321321
0.675173
0.637279
0.357569
0.681043
0.571086
0.385156
0.354216
0.595429
0.507913
0.451495
0.573514
0.500511
0.491999
0.422411
0.409336
0.446429
0.483742
0.322776
0.548633
0.666602
0.515033
0.635203
0.352189
0.463511
0.558987
0.454468
0.45751
0.354458
0.679977
0.597255
0.524794
0.481675
0.249701
0.36179
0.459806
0.500015
0.541609
0.501095
0.381275
0.589967
0.484243
0.580976
0.532768
0.396209
0.570335
0.266605
0.529815
0.5977
0.369695
0.468755
0.483199
0.623707
0.491115
0.623776
0.518963
0.571572
0.33842
0.467514
0.347679
0.525253
0.56251
0.577451
0.490947
0.558434
0.376753
0.627956
0.582207
0.522722
0.65861
0.515672
0.508778
0.606908
0.421681
0.448348
0.470095
0.416427
0.53437
0.491984
0.559938
0.521937
0.518883
0.520229
0.461963
0.568068
0.54423
0.561503
0.468199
0.443858
0.380593
0.494571
0.588106
0.347009
0.266279
0.493409
0.491668
0.582464
0.415892
0.614385
0.575998
0.26966
0.483609
0.595232
0.546434
0.565987
0.60691
0.607231
0.330478
0.387759
0.603104
0.616491
0.473477
0.443266
0.469436
0.478186
0.517037
0.362186
0.549847
0.549828
0.502427
0.631122
0.57873
0.491494
0.417034
0.698405
0.536652
0.482223
0.518588
0.602218
0.523804
0.643659
0.591816
0.587298
0.431726
0.21729
0.585148
0.584178
0.651569
0.362836
0.629235
0.495907
0.497076
0.361013
0.426945
0.692104
0.548344
0.319395
0.627202
0.547811
0.480856
0.396127
0.52126
0.609665
0.558123
0.496197
0.515471
0.629175
0.42668
0.382986
0.589319
0.472629
0.461209
0.590417
0.545649
0.397714
0.476217
0.412767
0.549628
0.542373
0.487848
0.406849
0.734696
0.596411
0.578921
0.563414
0.409871
0.51337
0.42232
0.431482
0.375412
0.485813
0.371577
0.607579
0.52394
0.298945
0.496398
0.423534
0.384519
0.53204
0.633937
0.455282
0.6031
0.450377
0.473736
0.579728
0.424522
0.598751
0.512182
0.449177
0.482607
0.303436
0.500108
0.542953
0.63174
0.450408
0.512272
0.623089
0.562911
0.346349
0.57805
0.482566
0.451269
0.532713
0.17625
0.369364
0.304305
0.593393
0.459587
0.470106
0.602608
0.581354
0.635942
0.520117
0.446686
0.606533
0.554586
0.215747
0.702961
0.544013
0.308936
0.692869
0.563871
0.291845
0.594513
0.601532
0.464986
0.558945
0.502035
0.571757
0.493971
0.423567
0.509106
0.238013
0.475954
0.395095
0.477377
0.559376
0.520714
0.559757
0.670364
0.548799
0.404927
0.560337
0.41496
0.523004
0.362797
0.519066
0.5198
0.523318
0.452097
0.526976
0.518705
0.193769
0.59349
0.529369
0.656319
0.208354
0.551211
0.430868
0.563085
0.504895
0.472734
0.61639
0.532897
0.557481
0.479747
0.401812
0.338743
0.486194
0.42122
0.404402
0.562613
0.487693
0.347768
0.468448
0.492623
0.498354
0.440625
0.508492
0.543461
0.572246
0.518624
0.488502
0.70061
0.523079
0.714
0.458541
0.634833
0.656903
0.497591
0.155231
0.253016
0.519056
0.524312
0.379598
0.604155
0.574404
0.518541
0.517559
0.435185
0.500379
0.55052
0.487241
0.590734
0.656068
0.556176
0.466604
0.387414
0.489723
0.568532
0.436032
0.675874
0.411944
0.535662
0.557914
0.557956
0.596174
0.677666
0.516363
0.6899
0.582367
0.62983
0.459291
0.506991
0.501265
0.392269
0.334165
0.400537
0.590398
0.322902
0.482923
0.476701
0.772204
0.514685
0.253763
0.503514
0.558295
0.405171
0.546272
0.59469
0.240211
0.533561
0.543302
0.528018
0.506532
0.399351
0.336341
0.447804
0.501425
0.533127
0.566644
0.370556
0.488141
0.633034
0.540088
0.37072
0.411564
0.265661
0.611094
0.348773
0.411574
0.689104
0.437786
0.49308
0.636983
0.366821
0.474457
0.458026
0.380114
0.515684
0.636208
0.518827
0.537744
0.415415
0.675659
0.200124
0.537412
0.49784
0.41875
0.203777
0.43249
0.598598
0.589928
0.602535
0.506133
0.563977
0.697491
0.433884
0.626678
0.658406
0.518771
0.525086
0.499171
0.612418
0.310006
0.63896
0.36688
0.629687
0.460713
0.522189
0.551394
0.399429
0.187074
0.589659
0.312957
0.572155
0.130791
0.578981
0.393181
0.350909
0.443951
0.653133
0.405388
0.505091
0.566388
0.515371
0.594117
0.534386
0.540147
0.126009
0.540155
0.406654
0.641525
0.552167
0.469769
0.432942
0.430844
0.559348
0.526684
0.678573
0.561408
0.525803
0.52108
0.633164
0.38021
0.48702
0.546917
0.476047
0.446836
0.567776
0.73259
0.466756
0.5599
0.575586
0.579163
0.529047
0.583506
0.565545
0.621498
0.515728
0.443366
0.52685
0.478744
0.374956
0.671011
0.503202
0.60043
0.58207
0.535796
0.173269
0.477469
0.602828
0.482691
0.564084
0.534935
0.644534
0.613865
0.695345
0.517725
0.661835
0.587367
0.505728
0.630139
0.656663
0.595279
0.64743
0.639141
0.422333
0.50618
0.51127
0.582529
0.64097
0.497592
0.607812
0.478712
0.502482
0.418686
0.620675
0.537311
0.550956
0.457299
0.390338
0.552417
0.521172
0.451169
0.544869
0.475229
0.552203
0.498469
0.573317
0.6261
0.401402
0.456739
0.157175
0.432497
0.54688
0.498094
0.56902
0.500723
0.600838
0.643586
0.550614
0.43462
0.64801
0.479397
0.352004
0.534447
0.476489
0.519088
0.23646
0.636544
0.482396
0.554896
0.517059
0.512528
0.399208
0.211722
0.484379
0.561342
0.528996
0.814286
0.517059
0.56623
0.473833
0.447051
0.480975
0.642939
0.531047
0.408968
0.659201
0.635884
0.506542
0.57977
0.228133
0.649846
0.497785
0.461848
0.519601
0.144343
0.480782
0.487183
0.616131
0.595085
0.747682
0.485922
0.401737
0.502597
0.554209
0.452823
0.54133
0.565482
0.596612
0.624454
0.557807
0.562963
0.526719
0.461222
0.464853
0.523088
0.540962
0.375292
0.559458
0.404125
0.492113
0.496846
0.585261
0.314429
0.733365
0.565563
0.446565
0.591716
0.631064
0.602833
0.486753
0.686708
0.499752
0.387386
0.446819
0.417395
0.586116
0.544738
0.417447
0.53348
0.58364
0.612572
0.552289
0.469058
0.577556
0.425215
0.54283
0.525836
0.599223
0.580218
0.51573
0.600482
0.431128
0.530826
0.394847
0.396352
0.567116
0.551271
0.624638
0.589857
0.469733
0.681759
0.623304
0.323041
0.531966
0.514294
0.32724
0.463833
0.502441
0.597087
0.358476
0.435136
0.510971
0.631885
0.523004
0.546118
0.480718
0.436192
0.638643
0.709338
0.399561
0.507369
0.500444
0.502669
0.584101
0.242891
0.573592
0.327596
0.551287
0.710888
0.532249
0.595443
0.538374
0.390569
0.570856
0.394578
0.578902
0.460074
0.522027
0.520592
0.274745
0.621751
0.561622
0.47545
0.49292
0.329184
0.603811
0.571497
0.59594
0.576322
0.600698
0.509075
0.550974
0.368782
0.512121
0.484233
0.68222
0.496228
0.615612
0.390898
0.439531
0.442983
0.557023
0.449673
0.566881
0.535547
0.611226
0.50939
0.503791
0.50948
0.314348
0.44243
0.439711
0.483682
0.563211
0.514938
0.509182
0.621519
0.550796
0.565406
0.477515
0.429858
0.551334
0.674108
0.587162
0.653729
0.418477
0.548507
0.643957
0.483207
0.534815
0.685084
0.456847
0.335668
0.69305
0.563254
0.463942
0.480442
0.542253
0.560585
0.514766
0.502478
0.50164
0.566216
0.165702
0.430759
0.627957
0.604306
0.590058
0.4664
0.35391
0.536991
0.407543
0.597281
0.415684
0.695045
0.538754
0.488979
0.548196
0.499545
0.0701838
0.628969
0.668836
0.543193
0.45207
0.401692
0.517641
0.417153
0.511765
0.54454
0.494501
0.655338
0.226859
0.502539
0.360854
0.503664
0.472104
0.623423
0.387009
0.575303
0.648252
0.413189
0.30913
0.468341
0.509224
0.444906
0.387211
0.522064
0.598939
0.498739
0.567282
0.372363
0.573187
0.492359
0.489412
0.462823
0.592074
0.647102
0.517327
0.559366
0.341929
0.670944
0.408281
0.496926
0.317737
0.673939
0.437878
0.562771
0.565974
0.627009
0.594797
0.473169
0.614751
0.391091
0.529991
0.508777
0.193823
0.668861
0.517371
0.632786
0.412192
0.543095
0.588811
0.439606
0.512291
0.524001
0.520507
0.405361
0.638121
0.382685
0.516868
0.414716
0.474765
0.434615
0.30187
0.516168
0.491836
0.55138
0.60291
0.705292
0.543817
0.428127
0.460327
0.584895
0.34782
0.544566
0.621773
0.674168
0.587011
0.0926029
0.54565
0.517202
0.356014
0.58143
0.650985
0.424393
0.343157
0.534802
0.521038
0.61437
0.530935
0.233415
0.554534
0.576708
0.596661
0.581362
0.592356
0.591186
0.604088
0.48212
0.504537
0.617987
0.516458
0.452143
0.66359
0.47439
0.505824
0.595777
0.610057
0.617326
0.607924
0.565679
0.459845
0.618275
0.565698
0.565321
0.395038
0.486684
0.445661
0.36054
0.413895
0.504096
0.84859
0.495711
0.508505
0.449783
0.459842
0.377511
0.62428
0.2388
0.479598
0.7038
0.498185
0.560589
0.41705
0.628879
0.668603
0.71662
0.550502
0.663742
0.425301
0.515169
0.567589
0.598502
0.569306
0.758308
0.33893
0.585116
0.496246
0.686561
0.550974
0.578107
0.535277
0.632996
0.332901
0.416182
0.366496
0.455392
0.399767
0.456309
0.398677
0.299683
0.466146
0.332817
0.5745
0.591894
0.52391
0.43681
0.486259
0.584953
0.554867
0.509945
0.597401
0.419327
0.41104
0.265266
0.586223
0.42889
0.482549
0.867981
0.603815
0.603281
0.540998
0.639553
0.394947
0.529307
0.554978
0.423117
0.476063
0.608843
0.462461
0.40923
0.58892
0.570064
0.473325
0.514604
0.484495
0.596412
0.320881
0.549313
0.575283
0.534395
0.547683
0.581648
0.645444
0.468596
0.431625
0.779086
0.336439
0.546176
0.378666
0.391649
0.564906
0.704423
0.519113
0.43024
0.487199
0.647767
0.414911
0.493721
0.564131
0.522077
0.630092
0.556285
0.52173
0.334352
0.419116
0.585587
0.436947
0.630584
0.438437
0.328678
0.526219
0.455909
0.46103
0.580759
0.36538
0.435464
0.417638
0.627004
0.431614
0.555165
0.248551
0.386642
0.527802
0.46006
0.622222
0.549698
0.556338
0.21163
0.421222
0.486333
0.637824
0.638529
0.571258
0.62145
0.467598
0.675688
0.475486
0.527154
0.474842
0.561042
0.434657
0.430517
0.588917
0.549599
0.592178
0.467908
0.536982
0.566602
0.584583
0.333909
0.509648
0.398996
0.428566
0.377651
0.452255
0.551525
0.556383
0.384354
0.552728
0.587189
0.789008
0.654335
0.464433
0.55082
0.523083
0.14188
0.445481
0.208542
0.565605
0.551043
0.359209
0.682021
0.377593
0.462953
0.56178
0.661086
0.545254
0.510683
0.582667
0.491147
0.603524
0.512922
0.193909
0.467771
0.419591
0.450627
0.677163
0.421684
0.388902
0.566056
0.505381
0.665424
0.639287
0.555842
0.626411
0.41508
0.505809
0.488293
0.507645
0.512803
0.517624
0.655316
0.53434
0.497979
0.601581
0.494653
0.524296
0.488921
0.398165
0.344083
0.600935
0.585098
0.331925
0.622259
0.42718
0.620753
0.460625
0.547734
0.33372
0.54764
0.460431
0.327041
0.463404
0.465128
0.367449
0.480817
0.483799
0.508968
0.694997
0.476987
0.345793
0.597746
0.465345
0.574476
0.264175
0.505026
0.689968
0.662053
0.332585
0.175535
0.52911
0.576673
0.527553
0.560642
0.577106
0.582171
0.507659
0.548303
0.508523
0.407175
0.557628
0.532811
0.572573
0.491779
0.592197
0.495364
0.511929
0.540283
0.597158
0.282193
0.528573
0.521807
0.587519
0.574767
0.545276
0.614754
0.39499
0.522095
0.510118
0.304222
0.211369
0.514482
0.641714
0.155716
0.503954
0.602513
0.55659
0.492124
0.51877
0.481573
0.554224
0.16182
0.645651
0.306345
0.547443
0.3999
0.412988
0.641016
0.567841
0.64599
0.506046
0.605688
0.505202
0.482695
0.593183
0.430609
0.560452
0.590352
0.143198
0.628001
0.478382
0.712252
0.604144
0.484673
0.53019
0.623283
0.502517
0.563533
0.549144
0.645377
0.629312
0.323412
0.60273
0.320126
0.569917
0.402362
0.340701
0.508041
0.621204
0.595938
0.705786
0.418479
0.615935
0.606636
0.368474
0.515371
0.417077
0.452731
0.460373
0.486524
0.357252
0.46946
0.459822
0.522071
0.384983
0.531357
0.624003
0.634974
0.365359
0.372819
0.595664
0.489443
0.511021
0.523088
0.472727
0.373219
0.587854
0.834804
0.608609
0.456508
0.509957
0.606709
0.564086
0.43157
0.555576
0.624829
0.77604
0.589063
0.512344
0.486137
0.531424
0.500728
0.564702
0.625969
0.751089
0.40019
0.55142
0.529761
0.406936
0.627929
0.440637
0.561799
0.330933
0.609371
0.574388
0.491556
0.587385
0.593122
0.475505
0.516174
0.537641
0.533429
0.422428
0.417559
0.623017
0.381785
0.500738
0.543911
0.4486
0.49289
0.479367
0.51141
0.379595
0.433207
0.435985
0.479215
0.521516
0.500009
0.646638
0.367228
0.370653
0.50453
0.556432
0.383437
0.454662
0.626565
0.451614
0.584712
0.537537
0.647558
0.380648
0.546211
0.563725
0.544351
0.816585
0.501455
0.67242
0.451159
0.527327
0.534167
0.468825
0.611949
0.536662
0.554364
0.65775
0.645763
0.534795
0.488433
0.461526
0.687432
0.423535
0.545573
0.575482
0.836719
0.538408
0.550707
0.596324
0.525383
0.440614
0.567184
0.496191
0.43415
0.703492
0.509564
0.497989
0.471902
0.632851
0.692522
0.593122
0.322027
0.491593
0.47766
0.162879
0.544846
0.375994
0.641031
0.600862
0.331237
0.331353
0.651176
0.574519
0.627138
0.5229
0.572261
0.453201
0.546931
0.358257
0.326553
0.59593
0.540736
0.475771
0.608182
0.0954556
0.445167
0.294785
0.52386
0.496122
0.514801
0.542657
0.457536
0.356595
0.623479
0.593964
0.496944
0.677967
0.6346
0.540197
0.608101
0.565882
0.504057
0.441491
0.51846
0.383627
0.520724
0.511187
0.491689
0.478408
0.552766
0.413675
0.178857
0.438964
0.348248
0.60372
0.607117
0.309821
0.56835
0.393154
0.622694
0.474594
0.313543
0.623327
0.380344
0.502409
0.431402
0.46649
0.548765
0.295951
0.584456
0.587072
0.637
0.583731
0.605451
0.564441
0.521083
0.699327
0.371627
0.554585
0.535494
0.492527
0.432928
0.361047
0.65994
0.598671
0.572189
0.634248
0.42987
0.539221
0.570524
0.135328
0.561626
0.499126
0.591206
0.652916
0.536047
0.180333
0.500939
0.426862
0.55569
0.702573
0.204406
0.571506
0.537216
0.712705
0.468283
0.595285
0.563293
0.291262
0.516681
0.52183
0.50582
0.26013
0.542401
0.481029
0.524537
0.522134
0.628448
0.667629
0.561682
0.620627
0.375052
0.352243
0.369542
0.566066
0.232782
0.537098
0.514951
0.567453
0.538042
0.510709
0.59151
0.487858
0.415597
0.606543
0.544561
0.2794
0.605097
0.429246
0.593458
0.516782
0.592976
0.562015
0.522096
0.400636
0.561724
0.628864
0.54385
0.5094
0.639337
0.564446
0.523974
0.307297
0.452794
0.434127
0.55672
0.550274
0.531406
0.741314
0.534564
0.533496
0.252519
0.547862
0.569258
0.451655
0.710032
0.487706
0.676477
0.528016
0.194944
0.570425
0.577848
0.570367
0.328105
0.440983
0.591676
0.481155
0.598756
0.587962
0.524847
0.636802
0.500028
0.444896
0.431956
0.499028
0.518602
0.474054
0.270198
0.592482
0.53864
0.487525
0.298547
0.522939
0.590806
0.536188
0.57562
0.584558
0.484
0.402164
0.589199
0.35851
0.639563
0.334017
0.525182
0.420035
0.542325
0.43116
0.641577
0.598676
0.667638
0.389357
0.143981
0.551898
0.516258
0.280997
0.542388
0.542744
0.39134
0.285116
0.587706
0.513333
0.528812
0.60573
0.426586
0.589918
0.525507
0.481473
0.617491
0.406172
0.33716
0.574293
0.590157
0.375379
0.483565
0.515248
0.536495
0.565522
0.659595
0.49823
0.526471
0.429495
0.386703
0.586795
0.302434
0.501451
0.560318
0.493152
0.360583
0.608131
0.346281
0.551474
0.597078
0.567659
0.540749
0.482405
0.624676
0.382358
0.447984
0.364719
0.556397
0.64802
0.60051
0.446144
0.507191
0.497804
0.476736
0.579931
0.482341
0.58673
0.548828
0.491603
0.412342
0.589583
0.661374
0.548095
0.413453
0.559974
0.589821
0.647883
0.414843
0.569773
0.493633
0.652383
0.597762
0.448755
0.18332
0.541032
0.559558
0.611863
0.588244
0.605432
0.369666
0.513597
0.43397
0.552966
0.554702
0.620603
0.545929
0.68248
0.554022
0.534486
0.35809
0.397693
0.306903
0.51162
0.642331
0.587018
0.510041
0.599391
0.541543
0.520748
0.428436
0.668948
0.415414
0.550485
0.571541
0.426029
0.503553
0.561222
0.499015
0.51581
0.514459
0.359599
0.527574
0.139144
0.140389
0.500201
0.449341
0.487462
0.0742918
0.434844
0.495861
0.488136
0.128728
0.390615
0.453611
0.588027
0.502311
0.625136
0.439355
0.351655
0.518148
0.521923
0.417633
0.527244
0.629622
0.594861
0.595675
0.468291
0.539097
0.55296
0.512382
0.483543
0.65925
0.605149
0.663398
0.473593
0.509702
0.479964
0.50252
0.707441
0.546523
0.567414
0.523103
0.550948
0.499838
0.498514
0.510357
0.49793
0.693047
0.810557
0.493338
0.576767
0.403113
0.587826
0.399816
0.658499
0.537545
0.619496
0.470031
0.459861
0.540733
0.332568
0.488583
0.562725
0.509251
0.535625
0.564711
0.809414
0.656216
0.547986
0.503976
0.288477
0.406988
0.596979
0.506485
0.568445
0.515704
0.559491
0.576341
0.534452
0.40453
0.566687
0.256195
0.528837
0.507958
0.578346
0.392898
0.570964
0.451773
0.490007
0.576257
0.53159
0.5318
0.606802
0.675462
0.555863
0.388031
0.605445
0.534152
0.54223
0.475789
0.675272
0.491663
0.456266
0.605843
0.656801
0.599505
0.548989
0.528422
0.554944
0.444998
0.459038
0.408348
0.152014
0.528794
0.560789
0.508112
0.380287
0.54541
0.68806
0.541347
0.454252
0.494286
0.444743
0.578293
0.615253
0.314744
0.387308
0.561004
0.390159
0.623981
0.440436
0.555419
0.582884
0.517849
0.577497
0.369397
0.555861
0.565539
0.60224
0.584594
0.677584
0.373882
0.496961
0.402422
0.630038
0.421593
0.361691
0.359549
0.459898
0.457082
0.499247
0.300303
0.463772
0.602091
0.466219
0.528538
0.309404
0.507092
0.570203
0.550153
0.660147
0.582385
0.54087
0.448675
0.522266
0.572685
0.500357
0.423736
0.68273
0.740645
0.54959
0.549358
0.576489
0.355533
0.657773
0.561337
0.456234
0.387274
0.372602
0.545222
0.548062
0.41243
0.510787
0.50001
0.594238
0.484165
0.576759
0.477866
0.736265
0.48498
0.530569
0.517372
0.47256
0.514826
0.585303
0.390923
0.618678
0.424494
0.617779
0.550974
0.391091
0.568451
0.553636
0.417296
0.361373
0.667797
0.662632
0.141056
0.452892
0.53775
0.70507
0.608587
0.515914
0.595735
0.608971
0.527158
0.488777
0.510329
0.556947
0.619481
0.456327
0.336132
0.497237
0.545556
0.39749
0.62198
0.536894
0.596251
0.42491
0.556176
0.507521
0.306953
0.450425
0.474798
0.427528
0.553131
0.572864
0.584713
0.511071
0.498257
0.374596
0.451516
0.60957
0.528955
0.450536
0.475606
0.584012
0.396164
0.590999
0.424908
0.458549
0.424924
0.470985
0.518916
0.519304
0.755841
0.480784
0.44639
0.550598
0.15409
0.326204
0.102578
0.631804
0.557776
0.627948
0.469606
0.606379
0.28523
0.624692
0.334589
0.580755
0.387705
0.515226
0.612437
0.492661
0.401858
0.512851
0.607936
0.506297
0.605933
0.697608
0.520054
0.584567
0.618368
0.505697
0.508858
0.414481
0.531749
0.625881
0.443353
0.590532
0.488135
0.566897
0.511882
0.583997
0.662427
0.430809
0.495493
0.526361
0.505629
0.520037
0.67343
0.457622
0.371873
0.319604
0.369601
0.443437
0.585281
0.44925
0.534123
0.662164
0.332648
0.53675
0.612998
0.304862
0.346069
0.370951
0.289668
0.597098
0.59229
0.597838
0.523303
0.525634
0.609092
0.561823
0.511115
0.542187
0.54955
0.277188
0.677443
0.498123
0.619036
0.458455
0.521075
0.473854
0.0487574
0.335772
0.333811
0.425102
0.558284
0.569506
0.411424
0.620888
0.500265
0.608611
0.369209
0.627714
0.341083
0.588022
0.597563
0.423145
0.553166
0.448374
0.486573
0.509937
0.29636
0.325776
0.228933
0.451683
0.553218
0.510096
0.555961
0.395128
0.29429
0.20179
0.514682
0.611885
0.474697
0.569562
0.641434
0.391318
0.361174
0.806491
0.3083
0.458617
0.200213
0.524075
0.56174
0.347413
0.517966
0.58746
0.603455
0.26478
0.509013
0.465631
0.591721
0.194433
0.444683
0.3172
0.542379
0.479272
0.422969
0.580105
0.569125
0.467096
0.542662
0.310734
0.546531
0.494504
0.252651
0.667147
0.307343
0.443805
0.433639
0.490001
0.543315
0.472983
0.551633
0.508696
0.343302
0.669684
0.324703
0.429228
0.729968
0.411509
0.4784
0.437673
0.415881
0.304704
0.592439
0.599853
0.609167
0.707361
0.437963
0.507021
0.475294
0.403434
0.635451
0.54592
0.504881
0.535288
0.610348
0.450615
0.546384
0.509505
0.391363
0.511435
0.560207
0.42996
0.5068
0.554622
0.409974
0.483518
0.566512
0.663617
0.298031
0.490792
0.138904
0.653116
0.701832
0.59439
0.424204
0.619347
0.56787
0.637623
0.393677
0.628145
0.564414
0.671128
0.608563
0.568005
0.48015
0.471397
0.559414
0.557897
0.52979
0.415591
0.391376
0.534535
0.528953
0.442822
0.580382
0.598129
0.509198
0.262055
0.54143
0.468245
0.423083
0.371539
0.496614
0.486638
0.474308
0.593696
0.482855
0.654538
0.489499
0.518718
0.40234
0.538139
0.629818
0.304352
0.668233
0.629784
0.545101
0.499703
0.133176
0.491628
0.648762
0.723737
0.598809
0.653149
0.626275
0.539669
0.549754
0.526305
0.355545
0.73132
0.415957
0.586453
0.456301
0.680422
0.43164
0.476994
0.495617
0.503229
0.524791
0.633733
0.470908
0.422551
0.609704
0.453072
0.408468
0.572264
0.596668
0.566634
0.618879
0.366374
0.43734
0.508258
0.389212
0.554439
0.617161
0.716108
0.488051
0.396883
0.223719
0.562235
0.548774
0.653614
0.811883
0.276637
0.660787
0.413351
0.574379
0.631467
0.444233
0.501614
0.511226
0.532403
0.630229
0.495388
0.623681
0.502511
0.616872
0.611999
0.629375
0.671851
0.613521
0.238075
0.556605
0.374435
0.315419
0.558468
0.361529
0.386044
0.445823
0.540489
0.397942
0.6198
0.309516
0.592145
0.393814
0.564709
0.455642
0.358969
0.102786
0.548356
0.599052
0.0307434
0.473222
0.509781
0.475329
0.283401
0.628876
0.588956
0.703365
0.529336
0.596453
0.51987
0.413209
0.373576
0.524421
0.431718
0.445039
0.142393
0.409486
0.669522
0.429553
0.535459
0.614519
0.551893
0.564271
0.528103
0.524367
0.609494
0.441404
0.201661
0.493703
0.630695
0.595084
0.18166
0.54581
0.44441
0.445378
0.390431
0.349886
0.603205
0.378087
0.573124
0.5702
0.424711
0.627535
0.553224
0.5023
0.424407
0.564743
0.258815
0.616469
0.495078
0.465219
0.426883
0.437745
0.548801
0.300242
0.658485
0.483175
0.602737
0.532678
0.613452
0.407103
0.460707
0.327246
0.525447
0.620133
0.218588
0.536109
0.358602
0.531529
0.497753
0.380396
0.499435
0.588878
0.531016
0.59778
0.44992
0.406994
0.442062
0.310959
0.541278
0.505969
0.591299
0.541268
0.548265
0.504431
0.59918
0.382679
0.540498
0.656674
0.400889
0.496613
0.305061
0.59063
0.536474
0.570288
0.612866
0.400804
0.551205
0.541296
0.537079
0.582621
0.551189
0.432303
0.701282
0.567572
0.58396
0.497817
0.406214
0.330368
0.684081
0.573102
0.509541
0.540561
0.494012
0.423926
0.541827
0.452381
0.565986
0.618723
0.499364
0.510211
0.550489
0.548404
0.578933
0.457252
0.20097
0.543563
0.577728
0.577368
0.557933
0.482264
0.355475
0.538446
0.533836
0.437186
0.577313
0.410993
0.365263
0.591324
0.462258
0.473953
0.459166
0.586691
0.60025
0.740743
0.642778
0.560852
0.520463
0.491128
0.586999
0.506607
0.522302
0.604517
0.466374
0.611641
0.590514
0.562116
0.719681
0.600149
0.381662
0.554743
0.498692
0.603471
0.628748
0.638384
0.546667
0.492522
0.545573
0.529087
0.492719
0.566649
0.378527
0.474143
0.566894
0.446077
0.584068
0.544609
0.408595
0.437332
0.436779
0.453056
0.346233
0.53611
0.514585
0.596086
0.566588
0.497942
0.574417
0.271594
0.499789
0.474611
0.7052
0.631447
0.58733
0.388714
0.575754
0.512478
0.495869
0.563016
0.622535
0.491283
0.545979
0.406874
0.504443
0.56752
0.503672
0.277749
0.472083
0.623247
0.549795
0.555729
0.587107
0.437654
0.39935
0.519362
0.492022
0.476413
0.476173
0.56394
0.369071
0.59749
0.534789
0.482715
0.61958
0.478605
0.548404
0.527297
0.635396
0.502264
0.537697
0.548562
0.575971
0.471151
0.604182
0.657477
0.229401
0.464955
0.499744
0.397234
0.384742
0.447908
0.411752
0.627583
0.404042
0.403117
0.518986
0.553276
0.359435
0.569336
0.446111
0.502372
0.557796
0.627747
0.501803
0.303501
0.524735
0.439854
0.616382
0.629317
0.684815
0.53289
0.50477
0.466892
0.53954
0.4725
0.471314
0.509697
0.498897
0.607448
0.499614
0.649102
0.54299
0.493615
0.560246
0.525744
0.573085
0.365551
0.656646
0.592191
0.52923
0.157112
0.405968
0.47581
0.488794
0.661253
0.583627
0.419756
0.566218
0.382732
0.715639
0.555445
0.530861
0.547599
0.426395
0.5793
0.531186
0.513186
0.553963
0.437298
0.511181
0.411016
0.442192
0.401654
0.260274
0.618233
0.436573
0.462093
0.580896
0.563566
0.257065
0.377504
0.485501
0.472403
0.445145
0.572739
0.86118
0.680034
0.442083
0.482204
0.367145
0.456254
0.686926
0.581592
0.726333
0.424939
0.279413
0.586095
0.474532
0.444556
0.395267
0.601634
0.590414
0.463322
0.65188
0.247137
0.482515
0.524658
0.545204
0.489471
0.598874
0.554707
0.551829
0.347486
0.522484
0.613389
0.450632
0.469839
0.555784
0.295927
0.693328
0.303344
0.569778
0.499185
0.569747
0.145309
0.399926
0.363689
0.596439
0.555873
0.551582
0.468334
0.542226
0.578646
0.54434
0.579793
0.377086
0.52772
0.594329
0.594751
0.564972
0.588822
0.796714
0.611021
0.0781625
0.540264
0.331141
0.487253
0.387609
0.624859
0.596224
0.560852
0.549822
0.449677
0.493067
0.602542
0.476664
0.560575
0.554732
0.504902
0.575047
0.707365
0.541324
0.612308
0.482553
0.437886
0.468844
0.488282
0.568763
0.559682
0.348754
0.414422
0.427969
0.476715
0.402349
0.442262
0.64722
0.577488
0.428717
0.628611
0.48425
0.654523
0.381278
0.57812
0.439282
0.557358
0.487265
0.686007
0.507419
0.511089
0.56232
0.406955
0.505715
0.407283
0.46423
0.617155
0.43372
0.610515
0.466385
0.477422
0.414564
0.398658
0.519753
0.42428
0.385555
0.505727
0.649253
0.558244
0.533301
0.603885
0.57991
0.601867
0.527253
0.435344
0.542143
0.373932
0.588983
0.49384
0.613461
0.451629
0.401932
0.604754
0.164148
0.388207
0.496339
0.475307
0.601329
0.53731
0.470486
0.412388
0.335623
0.530693
0.617024
0.508997
0.423776
0.539034
0.194481
0.405778
0.442213
0.467624
0.516655
0.281344
0.585206
0.622796
0.558428
0.46562
0.410831
0.491728
0.585602
0.611057
0.600092
0.583692
0.435485
0.557521
0.669566
0.301565
0.534718
0.593873
0.470771
0.400126
0.553731
0.488337
0.464055
0.415089
0.406328
0.563616
0.601148
0.537606
0.65109
0.645901
0.633498
0.177122
0.444597
0.570494
0.529846
0.437888
0.616576
0.528967
0.65723
0.618683
0.513278
0.43183
0.517913
0.499687
0.662089
0.497973
0.369752
0.445065
0.607041
0.432834
0.545075
0.493823
0.252702
0.426188
0.328273
0.249893
0.657657
0.283619
0.267669
0.491933
0.549673
0.42482
0.529466
0.450791
0.505924
0.595788
0.521304
0.620861
0.513335
0.459784
0.692241
0.442093
0.465961
0.514884
0.616687
0.646866
0.5393
0.452524
0.416206
0.648006
0.472497
0.309696
0.214774
0.44872
0.523376
0.598324
0.565829
0.609689
0.142485
0.530444
0.220109
0.76571
0.6556
0.430255
0.528106
0.464235
0.541613
0.395982
0.480254
0.319204
0.585988
0.559528
0.495556
0.511681
0.370711
0.410767
0.567835
0.625681
0.563503
0.531427
0.457913
0.587221
0.572482
0.575666
0.644623
0.522331
0.410546
0.299652
0.456247
0.546766
0.66008
0.64174
0.406635
0.392597
0.617951
0.672669
0.630972
0.617704
0.483931
0.508653
0.408286
0.44108
0.439512
0.429294
0.530446
0.467655
0.448342
0.544829
0.451192
0.591618
0.441644
0.514423
0.453171
0.599085
0.442706
0.446509
0.481257
0.836401
0.570398
0.572745
0.594426
0.580943
0.672545
0.433867
0.353761
0.526727
0.6014
0.453345
0.549642
0.129128
0.621064
0.581901
0.510117
0.541468
0.366634
0.487296
0.594013
0.537598
0.44331
0.423685
0.606385
0.388162
0.568749
0.513641
0.582532
0.530789
0.442716
0.553064
0.62737
0.527493
0.450952
0.499158
0.544846
0.628
0.376921
0.37423
0.54592
0.369293
0.468655
0.460707
0.529741
0.565445
0.325603
0.583994
0.612841
0.606331
0.549881
0.606609
0.444535
0.473268
0.613506
0.590988
0.472998
0.602808
0.266918
0.42478
0.17134
0.488137
0.506732
0.466827
0.59496
0.514947
0.55788
0.52474
0.597437
0.516102
0.610578
0.531507
0.394961
0.534665
0.472815
0.459864
0.6611
0.538583
0.43441
0.569533
0.460725
0.315515
0.403847
0.62543
0.431065
0.404638
0.617812
0.335608
0.551644
0.310745
0.42142
0.498165
0.567956
0.337458
0.40285
0.518331
0.517059
0.30142
0.401377
0.490496
0.550536
0.483376
0.682172
0.535749
0.699975
0.440795
0.548068
0.486915
0.479652
0.657813
0.449661
0.678742
0.378359
0.591006
0.644912
0.585062
0.669213
0.598548
0.508281
0.545454
0.449195
0.523924
0.457118
0.4628
0.459246
0.503172
0.369416
0.607336
0.682347
0.496972
0.441086
0.607023
0.538886
0.381853
0.49386
0.54327
0.549554
0.429764
0.543871
0.59202
0.597381
0.628293
0.604983
0.592009
0.564652
0.39054
0.64255
0.537956
0.591598
0.515309
0.498934
0.439933
0.536685
0.512863
0.62683
0.511537
0.396484
0.549751
0.583217
0.272284
0.57821
0.582509
0.388403
0.395361
0.40261
0.540649
0.58766
0.502821
0.385014
0.475666
0.421283
0.560348
0.571726
0.418196
0.436484
0.704077
0.165657
0.404437
0.424005
0.468841
0.535914
0.514916
0.534263
0.673605
0.528723
0.612922
0.444267
0.539863
0.529881
0.555374
0.394997
0.624598
0.370004
0.435901
0.561446
0.486056
0.162894
0.520849
0.605779
0.629432
0.529732
0.587779
0.500432
0.58583
0.662304
0.388041
0.620267
0.414406
0.523856
0.644523
0.326771
0.514293
0.547546
0.328128
0.606221
0.390512
0.591592
0.436819
0.556481
0.576675
0.7274
0.48211
0.605657
0.588241
0.403263
0.362689
0.466974
0.360391
0.613734
0.472846
0.695872
0.340374
0.498199
0.383853
0.474403
0.39306
0.666767
0.531917
0.596963
0.487515
0.424558
0.481772
0.295106
0.54429
0.543159
0.64625
0.3862
0.458498
0.288709
0.551969
0.384499
0.53127
0.476282
0.59466
0.49182
0.625362
0.530335
0.0565611
0.308865
0.573898
0.568912
0.678152
0.416931
0.141419
0.550037
0.572445
0.447799
0.683705
0.564715
0.501339
0.60866
0.544729
0.611243
0.474824
0.423337
0.377195
0.478514
0.423156
0.590836
0.398462
0.297681
0.569733
0.536396
0.61126
0.531719
0.370413
0.528713
0.379558
0.463316
0.505049
0.334339
0.550526
0.474158
0.522839
0.191657
0.588397
0.623588
0.558841
0.496525
0.537565
0.460576
0.479482
0.31149
0.521552
0.658938
0.542862
0.291397
0.533511
0.603937
0.525328
0.562458
0.615013
0.378324
0.607822
0.60655
0.586646
0.476131
0.469319
0.459664
0.647019
0.488161
0.442131
0.577873
0.451791
0.567158
0.450251
0.572094
0.47781
0.534856
0.613605
0.569195
0.551241
0.511021
0.494788
0.533271
0.575964
0.638215
0.540061
0.346029
0.629696
0.751674
0.652521
0.380368
0.363748
0.684723
0.4223
0.498657
0.623061
0.566806
0.499766
0.470834
0.639439
0.504304
0.61195
0.172063
0.633838
0.609333
0.546692
0.731231
0.612156
0.506405
0.559907
0.612837
0.595026
0.591741
0.533832
0.751001
0.424278
0.223573
0.539435
0.25634
0.445964
0.390377
0.362588
0.372363
0.71654
0.501913
0.660318
0.357615
0.384734
0.471735
0.557494
0.574775
0.513093
0.480221
0.696141
0.61741
0.298342
0.735936
0.288104
0.53111
0.54393
0.558137
0.538239
0.525927
0.394134
0.636238
0.507895
0.618121
0.560166
0.376782
0.776418
0.584434
0.575991
0.436637
0.355209
0.588304
0.4171
0.497696
0.535768
0.490498
0.592007
0.549744
0.527467
0.32388
0.60485
0.517059
0.450524
0.666968
0.774586
0.637617
0.581736
0.562056
0.403006
0.631958
0.627896
0.442129
0.451301
0.371365
0.204897
0.627354
0.434759
0.702515
0.425701
0.542915
0.492727
0.475524
0.52161
0.456042
0.488121
0.527072
0.565604
0.531177
0.347783
0.50987
0.499038
0.566763
0.505722
0.417091
0.492377
0.585438
0.54013
0.303823
0.510633
0.642799
0.516931
0.369815
0.532563
0.462397
0.599744
0.61181
0.568156
0.366025
0.553794
0.615992
0.502602
0.533511
0.538507
0.540219
0.460563
0.640416
0.65104
0.41122
0.646435
0.596439
0.552285
0.458679
0.450366
0.500634
0.306985
0.398506
0.578479
0.625202
0.608975
0.809304
0.458871
0.542897
0.330019
0.448843
0.461304
0.570181
0.476266
0.60708
0.340095
0.386191
0.424693
0.665346
0.541784
0.468367
0.574974
0.373693
0.548782
0.574115
0.80327
0.436252
0.602312
0.405783
0.361873
0.67758
0.601186
0.592343
0.502355
0.623841
0.434779
0.564894
0.536912
0.678325
0.602016
0.500295
0.51201
0.337358
0.68267
0.550431
0.532424
0.718187
0.5742
0.527451
0.588114
0.371653
0.513954
0.546045
0.70367
0.426238
0.441043
0.552606
0.498189
0.29186
0.651976
0.555597
0.614617
0.395652
0.588117
0.580592
0.497752
0.38655
0.61385
0.309765
0.546602
0.569202
0.519839
0.496608
0.535792
0.475162
0.490324
0.0758339
0.517059
0.608259
0.531674
0.475555
0.549241
0.485842
0.449793
0.560115
0.536112
0.608763
0.428709
0.578989
0.527186
0.439943
0.531174
0.489146
0.482499
0.566941
0.55633
0.520896
0.574741
0.458439
0.497929
0.520237
0.479094
0.57744
0.601972
0.50842
0.523642
0.53146
0.604581
0.393442
0.574293
0.542977
0.589279
0.402065
0.36828
0.559654
0.60411
0.643837
0.567127
0.549377
0.485202
0.469508
0.152198
0.446796
0.455343
0.638355
0.531261
0.529614
0.547218
0.660358
0.399541
0.676795
0.561503
0.213939
0.38591
0.356704
0.521419
0.447906
0.576254
0.446806
0.570172
0.559886
0.422475
0.407328
0.571589
0.60875
0.603761
0.566686
0.505503
0.348256
0.669961
0.526518
0.448674
0.197551
0.628762
0.507063
0.400612
0.568185
0.440039
0.53722
0.362769
0.512746
0.504832
0.549654
0.40236
0.494309
0.584552
0.63046
0.378797
0.232946
0.570313
0.346823
0.435358
0.494288
0.489933
0.491849
0.387469
0.539745
0.280919
0.57356
0.494143
0.447479
0.522846
0.477747
0.612605
0.365595
0.622558
0.598175
0.543501
0.486457
0.682787
0.509537
0.555772
0.541154
0.501071
0.646157
0.605643
0.547126
0.546635
0.382143
0.498204
0.513205
0.552187
0.571048
0.607392
0.519822
0.593949
0.543143
0.603996
0.564523
0.613274
0.311802
0.187052
0.392354
0.563644
0.355039
0.545763
0.55692
0.317795
0.352714
0.671611
0.343323
0.517958
0.333381
0.615012
0.459204
0.499868
0.594517
0.626222
0.337723
0.439252
0.567704
0.534088
0.579581
0.47856
0.555069
0.508698
0.350072
0.500702
0.585655
0.404659
0.530205
0.418129
0.536192
0.578997
0.633582
0.558347
0.545149
0.621245
0.582024
0.570687
0.442856
0.716373
0.527241
0.501851
0.498532
0.543676
0.379855
0.497326
0.59257
0.457297
0.453523
0.483313
0.512893
0.151016
0.318599
0.418845
0.501061
0.463182
0.433547
0.437727
0.512747
0.578919
0.625115
0.666629
0.366672
0.487487
0.502727
0.322025
0.426529
0.528383
0.535988
0.509717
0.598838
0.474709
0.62901
0.495539
0.513834
0.571232
0.434879
0.544365
0.58235
0.601878
0.526683
0.493372
0.639115
0.432479
0.589116
0.517373
0.490372
0.501487
0.303651
0.617126
0.664614
0.477618
0.597041
0.407876
0.507704
0.54392
0.438986
0.579942
0.280086
0.611202
0.384181
0.496485
0.494796
0.498457
0.489533
0.575975
0.531463
0.624955
0.613367
0.580658
0.496172
0.481886
0.413582
0.787048
0.605902
0.557068
0.508148
0.489553
0.452032
0.363041
0.569982
0.559083
0.599996
0.51217
0.488764
0.432908
0.511699
0.503721
0.417966
0.569001
0.553266
0.589761
0.603344
0.443176
0.610475
0.516066
0.366034
0.527983
0.534653
0.607784
0.541987
0.464217
0.545621
0.638096
0.563796
0.294252
0.426279
0.506788
0.252073
0.51289
0.527992
0.541049
0.401029
0.439219
0.541294
0.52221
0.537638
0.532926
0.637056
0.619481
0.703039
0.383718
0.546934
0.518115
0.501278
0.679758
0.459251
0.531293
0.587886
0.578623
0.359107
0.559049
0.603753
0.545789
0.657806
0.526252
0.536195
0.436061
0.522094
0.336572
0.569141
0.624767
0.507726
0.594087
0.603467
0.435019
0.243996
0.41147
0.405155
0.555754
0.566016
0.465115
0.452534
0.486759
0.525767
0.434563
0.514147
0.494173
0.181656
0.862516
0.538374
0.393422
0.494424
0.414702
0.60382
0.410878
0.397482
0.674674
0.434946
0.646498
0.546147
0.509883
0.591023
0.43965
0.517439
0.570435
0.529411
0.645859
0.641867
0.419554
0.532649
0.451525
0.451222
0.598654
0.385333
0.493608
0.464834
0.635535
0.345859
0.456001
0.609471
0.733495
0.558829
0.355423
0.447043
0.361754
0.535191
0.487378
0.643938
0.377374
0.621014
0.514518
0.514214
0.510608
0.552345
0.39944
0.563817
0.513114
0.391395
0.62144
0.477548
0.511425
0.363334
0.532094
0.152881
0.382603
0.518312
0.378267
0.685605
0.631682
0.443032
0.396741
0.662998
0.590948
0.645367
0.418386
0.538407
0.5375
0.507487
0.645855
0.501519
0.425227
0.498255
0.643578
0.465241
0.47612
0.368252
0.579215
0.460835
0.584717
0.508531
0.639944
0.543299
0.484814
0.531484
0.539278
0.541051
0.494743
0.609947
0.484869
0.528142
0.503974
0.472088
0.285666
0.430936
0.383858
0.673886
0.553941
0.549568
0.648522
0.525086
0.609963
0.433198
0.539012
0.43627
0.614696
0.444825
0.396108
0.401302
0.538092
0.539173
0.569245
0.522402
0.654787
0.530435
0.531418
0.573977
0.3759
0.862764
0.355906
0.635073
0.542039
0.424425
0.535461
0.142891
0.431569
0.66232
0.654485
0.542473
0.681295
0.613178
0.555292
0.719484
0.316361
0.486152
0.383787
0.599684
0.509167
0.632578
0.480193
0.359558
0.559749
0.563018
0.202136
0.594819
0.398958
0.555686
0.481587
0.625241
0.563637
0.545318
0.534787
0.36103
0.563237
0.407553
0.362126
0.569734
0.386815
0.342774
0.507358
0.614519
0.608861
0.41379
0.460117
0.649436
0.450888
0.516621
0.52621
0.43921
0.540667
0.51624
0.471801
0.415843
0.498028
0.851429
0.515109
0.530132
0.311042
0.438845
0.547669
0.524985
0.610865
0.481872
0.46856
0.716537
0.517133
0.351825
0.636438
0.512665
0.435648
0.452653
0.553365
0.585709
0.45532
0.564526
0.712608
0.355089
0.28712
0.606468
0.437362
0.556897
0.589176
0.428016
0.529601
0.573868
0.437291
0.317136
0.424513
0.595065
0.602624
0.617365
0.478182
0.895656
0.541286
0.554728
0.568685
0.593199
0.531498
0.311888
0.52257
0.446232
0.469746
0.552956
0.58575
0.504114
0.47227
0.677025
0.595133
0.431941
0.542839
0.480185
0.297688
0.447355
0.42771
0.598503
0.512606
0.473018
0.504162
0.217282
0.636263
0.207264
0.713861
0.61958
0.482198
0.551311
0.484082
0.581627
0.599365
0.466314
0.586847
0.601126
0.667832
0.560057
0.255063
0.52682
0.530613
0.628662
0.641969
0.516358
0.474134
0.36554
0.424982
0.538126
0.435921
0.340778
0.0784663
0.569012
0.454587
0.549538
0.507689
0.508617
0.255568
0.335373
0.54655
0.532793
0.555646
0.531876
0.483114
0.376034
0.524077
0.583348
0.383293
0.582572
0.617479
0.434809
0.448243
0.564255
0.682056
0.386654
0.637189
0.502428
0.253037
0.49107
0.555008
0.5994
0.62383
0.640095
0.583723
0.54531
0.435906
0.355608
0.57046
0.179597
0.565941
0.501597
0.618347
0.636656
0.448669
0.400954
0.562762
0.369389
0.556401
0.453122
0.32177
0.385215
0.634332
0.64987
0.372199
0.508366
0.621345
0.527044
0.295306
0.298319
0.487859
0.498021
0.338178
0.346551
0.642566
0.431464
0.614468
0.538183
0.433528
0.467213
0.717319
0.371117
0.771555
0.572023
0.516135
0.606143
0.330805
0.524524
0.618832
0.485164
0.509335
0.471949
0.491032
0.471184
0.423034
0.69385
0.470795
0.562943
0.434238
0.615873
0.40941
0.501347
0.527056
0.634232
0.630512
0.509804
0.614773
0.57403
0.447151
0.592654
0.523993
0.654162
0.528575
0.405924
0.611097
0.638409
0.596704
0.66552
0.524789
0.720099
0.50927
0.588764
0.549521
0.533685
0.449336
0.428426
0.580827
0.44278
0.489569
0.490004
0.518759
0.417757
0.575013
0.502244
0.526161
0.411442
0.59063
0.511064
0.116212
0.575881
0.620289
0.535324
0.638154
0.474889
0.569408
0.273223
0.538296
0.415211
0.638361
0.509069
0.538649
0.608153
0.665619
0.550079
0.596527
0.429905
0.441581
0.456939
0.536279
0.434692
0.438325
0.528015
0.627106
0.559444
0.665361
0.609398
0.546742
0.557403
0.588777
0.396744
0.706728
0.45433
0.55354
0.441094
0.409645
0.452034
0.57382
0.524261
0.628846
0.520709
0.549686
0.468307
0.579692
0.207092
0.520905
0.62514
0.621639
0.518103
0.446873
0.469431
0.618304
0.579812
0.418104
0.385469
0.313118
0.580542
0.686774
0.558985
0.453834
0.606838
0.595014
0.56803
0.379096
0.49851
0.462342
0.545463
0.605982
0.631215
0.39717
0.540206
0.479518
0.662374
0.466832
0.596543
0.517059
0.267681
0.681535
0.396594
0.562293
0.480077
0.545273
0.382665
0.504064
0.587689
0.595177
0.572113
0.538957
0.559449
0.357215
0.521086
0.568581
0.530873
0.344921
0.353284
0.504582
0.465135
0.327517
0.492174
0.379
0.620474
0.526677
0.433958
0.582666
0.220758
0.420367
0.506532
0.521463
0.595718
0.528205
0.748688
0.599977
0.202629
0.454521
0.49722
0.48866
0.687628
0.496987
0.511094
0.404562
0.375833
0.424326
0.562298
0.45119
0.310756
0.458656
0.386332
0.662561
0.410503
0.59497
0.533069
0.529199
0.594207
0.515953
0.421164
0.621932
0.347994
0.517836
0.583237
0.472958
0.649031
0.466806
0.324321
0.386302
0.542122
0.886802
0.508236
0.443375
0.417096
0.471683
0.535613
0.548829
0.369555
0.661299
0.524406
0.571937
0.572367
0.176161
0.569648
0.552752
0.153235
0.603642
0.371432
0.508985
0.503324
0.549135
0.398544
0.584282
0.437359
0.516513
0.543055
0.429344
0.380993
0.556489
0.466396
0.158648
0.524966
0.422533
0.434843
0.155202
0.502893
0.648296
0.353146
0.52818
0.582069
0.578581
0.505411
0.54524
0.519625
0.527582
0.589297
0.516054
0.509871
0.621293
0.587365
0.527225
0.52574
0.350432
0.516486
0.331841
0.567906
0.507564
0.209736
0.375077
0.553243
0.585454
0.589957
0.462054
0.621892
0.579805
0.360522
0.505607
0.299718
0.563211
0.596754
0.481932
0.623531
0.588466
0.565517
0.54427
0.641418
0.60283
0.466818
0.464854
0.555344
0.622415
0.573043
0.489834
0.519831
0.502886
0.619577
0.569014
0.556208
0.599869
0.71125
0.571166
0.505577
0.706498
0.606568
0.547331
0.339914
0.414115
0.21176
0.457388
0.610657
0.552547
0.509024
0.412655
0.585555
0.555794
0.518683
0.436026
0.485005
0.644286
0.52148
0.489416
0.533969
0.420109
0.212737
0.63093
0.373296
0.636087
0.498365
0.523171
0.497869
0.505108
0.564268
0.631788
0.546879
0.499511
0.671959
0.534722
0.526534
0.621676
0.339861
0.517059
0.61567
0.660034
0.632982
0.47391
0.561868
0.54904
0.57607
0.56008
0.638848
0.407832
0.223119
0.533778
0.725086
0.626576
0.154396
0.608562
0.397956
0.595677
0.309585
0.46145
0.541673
0.481679
0.180307
0.532653
0.408937
0.351178
0.528112
0.512966
0.665767
0.437403
0.585577
0.622392
0.79752
0.616407
0.692512
0.488846
0.310272
0.437137
0.611634
0.530884
0.570207
0.322842
0.501037
0.468892
0.480098
0.451415
0.458561
0.469929
0.397792
0.479792
0.534697
0.357858
0.654177
0.430791
0.309952
0.590068
0.537792
0.581246
0.489491
0.555677
0.630471
0.410522
0.436386
0.580862
0.577253
0.443825
0.411526
0.399283
0.566683
0.373362
0.515469
0.544037
0.470134
0.458752
0.401683
0.490281
0.626121
0.364647
0.476892
0.287995
0.428391
0.509696
0.266409
0.446087
0.634435
0.60567
0.589744
0.602829
0.510322
0.484485
0.520904
0.624612
0.375853
0.638651
0.518404
0.427028
0.516031
0.513803
0.456634
0.583768
0.566874
0.526536
0.0969779
0.684827
0.612452
0.540512
0.342201
0.543278
0.540466
0.673636
0.433652
0.689547
0.561786
0.530395
0.57333
0.441462
0.566643
0.534987
0.688088
0.545581
0.664053
0.607146
0.489542
0.3517
0.426712
0.672914
0.517059
0.410471
0.403276
0.41802
0.427417
0.492336
0.535602
0.657363
0.543326
0.62607
0.520802
0.668157
0.544693
0.569419
0.553199
0.528688
0.491653
0.588105
0.524512
0.481776
0.45913
0.172673
0.436064
0.547002
0.449888
0.194374
0.204348
0.516845
0.464019
0.40855
0.581294
0.439681
0.486684
0.582275
0.42088
0.600397
0.360789
0.617592
0.621234
0.457168
0.424665
0.484666
0.117389
0.435085
0.595961
0.511301
0.547026
0.496305
0.386495
0.527683
0.486317
0.637389
0.110637
0.490156
0.552684
0.421994
0.455213
0.390613
0.252101
0.607817
0.713518
0.516054
0.336907
0.491252
0.532912
0.523969
0.508736
0.601124
0.423594
0.413223
0.499992
0.613529
0.524973
0.599625
0.580001
0.565013
0.553282
0.546078
0.679232
0.50386
0.542204
0.441075
0.489163
0.584657
0.474684
0.518753
0.603
0.306082
0.562421
0.418065
0.636777
0.44011
0.507056
0.57015
0.513089
0.583822
0.535484
0.418898
0.486487
0.521497
0.482676
0.30593
0.450662
0.633304
0.442162
0.370665
0.373934
0.401575
0.51488
0.506053
0.484866
0.432119
0.605924
0.556491
0.566469
0.581239
0.50297
0.429081
0.19467
0.505509
0.347282
0.163405
0.436256
0.578087
0.57521
0.545512
0.376235
0.569854
0.473613
0.399176
0.388952
0.373963
0.596603
0.616702
0.653067
0.560796
0.478258
0.600024
0.651722
0.582669
0.552356
0.656232
0.224664
0.0936732
0.535242
0.610237
0.475284
0.456364
0.368261
0.390455
0.591563
0.341
0.585063
0.534653
0.596835
0.489443
0.565203
0.659242
0.481537
0.584772
0.38517
0.505304
0.573843
0.607908
0.327127
0.466225
0.342935
0.590368
0.791177
0.59853
0.478878
0.581734
0.444258
0.533664
0.342318
0.666614
0.424659
0.495078
0.38584
0.486188
0.54623
0.614976
0.478
0.443471
0.595087
0.41586
0.439955
0.560754
0.475238
0.443842
0.429656
0.35046
0.324648
0.400913
0.546814
0.486426
0.534666
0.396008
0.312596
0.362001
0.539894
0.473682
0.559346
0.445612
0.45091
0.648281
0.578741
0.586325
0.556792
0.289215
0.358783
0.525016
0.706966
0.407803
0.636175
0.618907
0.541306
0.516467
0.74039
0.619226
0.556589
0.465279
0.535742
0.580617
0.446839
0.549917
0.528135
0.363388
0.609024
0.363426
0.347488
0.53473
0.3891
0.61734
0.434165
0.595363
0.56895
0.376253
0.454795
0.484368
0.582532
0.535366
0.567398
0.69752
0.341586
0.0972026
0.547998
0.576745
0.487517
0.464579
0.555537
0.529097
0.424292
0.519159
0.486562
0.407586
0.566256
0.692344
0.463794
0.6549
0.57159
0.523116
0.355665
0.542665
0.447918
0.501038
0.666494
0.577819
0.647578
0.419505
0.560097
0.572692
0.507214
0.657744
0.642304
0.632485
0.600852
0.400589
0.243996
0.569024
0.584902
0.537725
0.532242
0.450956
0.463754
0.582059
0.532444
0.545769
0.567684
0.574595
0.626336
0.549348
0.579399
0.568431
0.549175
0.405377
0.479653
0.528057
0.552598
0.534436
0.677924
0.569872
0.570897
0.361813
0.53043
0.518636
0.538069
0.480463
0.360917
0.503873
0.507811
0.480407
0.531962
0.674018
0.451073
0.793452
0.446819
0.471945
0.601103
0.512106
0.519025
0.580845
0.397484
0.506847
0.436249
0.767596
0.397935
0.440234
0.512967
0.341495
0.573491
0.509294
0.566314
0.39853
0.526048
0.58627
0.45096
0.601736
0.572742
0.422639
0.387165
0.480841
0.48884
0.716232
0.579604
0.419494
0.5875
0.588697
0.58009
0.561528
0.430128
0.435028
0.572194
0.645219
0.327025
0.47917
0.606626
0.583948
0.549199
0.458611
0.394468
0.400661
0.520285
0.478099
0.421713
0.570183
0.568907
0.6579
0.410973
0.44714
0.467364
0.512962
0.522235
0.403402
0.36822
0.496244
0.56374
0.193597
0.601944
0.550938
0.510185
0.407525
0.4804
0.44935
0.613619
0.55011
0.547869
0.45552
0.441852
0.369869
0.588924
0.548209
0.46959
0.409967
0.41457
0.633872
0.513791
0.485945
0.487298
0.492816
0.698987
0.453681
0.348116
0.434584
0.538506
0.386266
0.506903
0.501625
0.50184
0.52937
0.609826
0.465883
0.650308
0.501189
0.515853
0.522616
0.440551
0.525761
0.641171
0.354503
0.494744
0.509681
0.525605
0.559217
0.585535
0.495518
0.509761
0.510519
0.611956
0.543808
0.271973
0.865158
0.598771
0.673769
0.54434
0.513071
0.547878
0.512154
0.553324
0.626032
0.583085
0.484742
0.645014
0.481363
0.458329
0.542033
0.562993
0.614531
0.42603
0.593479
0.530067
0.589649
0.407825
0.499892
0.118747
0.511437
0.328938
0.646909
0.52282
0.194178
0.5591
0.359919
0.453878
0.42287
0.461634
0.463493
0.432224
0.431543
0.648194
0.557366
0.493314
0.566978
0.419875
0.523733
0.567629
0.634376
0.540567
0.472864
0.602848
0.341215
0.594826
0.221216
0.547326
0.516795
0.193092
0.587226
0.544383
0.456323
0.613091
0.571332
0.479008
0.631333
0.456865
0.563934
0.554166
0.603543
0.608077
0.529995
0.397452
0.65624
0.550894
0.73224
0.552418
0.531663
0.378032
0.49623
0.506377
0.456564
0.0647369
0.527247
0.633996
0.506026
0.523622
0.580397
0.29671
0.552427
0.273194
0.491713
0.296268
0.387565
0.657155
0.459025
0.636239
0.582988
0.199849
0.457048
0.533683
0.488985
0.50394
0.548299
0.482916
0.634698
0.587471
0.362915
0.568622
0.382359
0.597185
0.593293
0.518348
0.474963
0.513412
0.617801
0.580737
0.667665
0.545822
0.523886
0.525135
0.52866
0.415993
0.538999
0.516959
0.456469
0.629572
0.477018
0.569716
0.427845
0.49415
0.597901
0.595619
0.438107
0.570789
0.623893
0.401286
0.396203
0.523341
0.614097
0.58374
0.500116
0.40485
0.582105
0.45979
0.421936
0.530607
0.654729
0.483986
0.574558
0.669899
0.595339
0.560939
0.468605
0.553544
0.499601
0.512028
0.485983
0.410637
0.542984
0.612482
0.250684
0.559572
0.147559
0.635563
0.611129
0.44488
0.614245
0.561159
0.549212
0.573657
0.555411
0.660244
0.524031
0.514191
0.482369
0.144301
0.596893
0.564924
0.589176
0.436606
0.573659
0.44397
0.494861
0.259636
0.617203
0.542698
0.605519
0.255099
0.53782
0.444414
0.673105
0.384968
0.571963
0.626851
0.579167
0.57464
0.444889
0.623034
0.567453
0.490991
0.612754
0.650126
0.452818
0.455008
0.410644
0.647563
0.433877
0.43532
0.675497
0.555685
0.502792
0.67966
0.261036
0.59136
0.544475
0.480842
0.583378
0.617211
0.512884
0.432833
0.547829
0.520747
0.488497
0.573456
0.668669
0.540668
0.358844
0.509993
0.628756
0.475263
0.52064
0.403546
0.672439
0.660178
0.439662
0.570803
0.508474
0.565698
0.507959
0.370902
0.630989
0.49755
0.548697
0.503789
0.441051
0.544519
0.638599
0.61278
0.51139
0.499712
0.518464
0.280317
0.569215
0.557729
0.501761
0.543392
0.514836
0.578709
0.462938
0.393678
0.55586
0.641361
0.542788
0.583658
0.42095
0.485149
0.456244
0.554327
0.619565
0.523736
0.462634
0.485831
0.323029
0.697903
0.427255
0.569363
0.5078
0.395775
0.474432
0.522265
0.442815
0.562681
0.383636
0.535635
0.486877
0.592946
0.639203
0.582232
0.500016
0.4964
0.40685
0.483406
0.580386
0.613622
0.428938
0.456956
0.522947
0.492472
0.539492
0.637733
0.47446
0.514235
0.313022
0.518603
0.587808
0.584682
0.505258
0.365128
0.516111
0.394442
0.582287
0.578167
0.549658
0.172003
0.46154
0.4618
0.515754
0.631366
0.539941
0.60453
0.637692
0.570269
0.638123
0.303176
0.457969
0.549835
0.363477
0.510245
0.426136
0.689747
0.567161
0.519004
0.493962
0.523175
0.516984
0.651833
0.576093
0.525948
0.417539
0.418556
0.551607
0.604211
0.567674
0.543764
0.417018
0.271477
0.4664
0.540032
0.659224
0.390042
0.665844
0.571494
0.14754
0.564498
0.538819
0.239644
0.401325
0.633923
0.537326
0.486846
0.675834
0.408842
0.575814
0.391987
0.40357
0.681691
0.419835
0.478347
0.617837
0.49466
0.423001
0.576221
0.512709
0.512269
0.428705
0.53018
0.542246
0.373448
0.692857
0.52553
0.452262
0.375629
0.548496
0.318355
0.379216
0.495081
0.379908
0.55388
0.548586
0.550731
0.493252
0.471927
0.662903
0.43497
0.5536
0.618344
0.535088
0.473067
0.665005
0.425655
0.570295
0.391255
0.548054
0.613368
0.562571
0.512662
0.49706
0.440446
0.455905
0.554892
0.430776
0.325222
0.488512
0.495094
0.495365
0.425377
0.512065
0.530282
0.469878
0.559724
0.565772
0.525222
0.51221
0.251666
0.670747
0.572559
0.640514
0.575802
0.424385
0.623523
0.415202
0.402005
0.224542
0.519465
0.589822
0.514004
0.574478
0.638117
0.426733
0.694944
0.459015
0.561587
0.51699
0.42378
0.467802
0.628772
0.341474
0.591492
0.490809
0.433365
0.517709
0.475756
0.579694
0.425071
0.556944
0.418043
0.552177
0.437179
0.66432
0.503743
0.517735
0.505778
0.398279
0.478602
0.360633
0.58796
0.308935
0.470607
0.50394
0.504289
0.691343
0.525246
0.602877
0.588574
0.458884
0.472363
0.364228
0.534697
0.539808
0.432482
0.511005
0.546216
0.612928
0.429515
0.542025
0.643023
0.545693
0.639337
0.670959
0.53384
0.432694
0.548268
0.564502
0.633524
0.69092
0.514457
0.567572
0.430801
0.515452
0.429466
0.581049
0.620182
0.714974
0.6047
0.799148
0.437119
0.366837
0.515541
0.451594
0.484783
0.558555
0.50002
0.346947
0.460089
0.499361
0.56233
0.566599
0.170213
0.285346
0.560824
0.572895
0.761851
0.728103
0.582974
0.521524
0.460378
0.458927
0.551239
0.392721
0.50987
0.568581
0.480745
0.60195
0.56959
0.712036
0.466056
0.784508
0.706652
0.405257
0.407466
0.587005
0.322001
0.493622
0.357439
0.453051
0.570762
0.48262
0.534495
0.56644
0.563718
0.616329
0.557749
0.410971
0.535937
0.507646
0.63862
0.512785
0.479408
0.672956
0.501048
0.377143
0.731811
0.466744
0.436226
0.485291
0.594835
0.447318
0.601391
0.488781
0.383019
0.490579
0.379136
0.463764
0.628661
0.480378
0.478271
0.466332
0.0945247
0.514748
0.599581
0.623405
0.555912
0.54175
0.19014
0.499866
0.505489
0.557658
0.49878
0.605109
0.535584
0.60309
0.475423
0.50382
0.522676
0.389943
0.545234
0.53835
0.62782
0.637232
0.559364
0.600563
0.458341
0.675372
0.46024
0.547784
0.339223
0.522639
0.654467
0.527016
0.458962
0.519516
0.47472
0.472086
0.561842
0.626615
0.468495
0.381028
0.677343
0.512301
0.488054
0.374194
0.474701
0.50998
0.527147
0.406447
0.472089
0.398778
0.429942
0.625285
0.394113
0.561993
0.667744
0.575592
0.305786
0.463529
0.434195
0.464305
0.30615
0.302024
0.464759
0.342007
0.473747
0.594148
0.691221
0.59029
0.556714
0.497784
0.523066
0.665362
0.656098
0.61224
0.551149
0.622827
0.428035
0.444616
0.52927
0.587605
0.447959
0.558883
0.669284
0.418337
0.520678
0.513761
0.470506
0.686734
0.255735
0.552317
0.549187
0.499848
0.646253
0.492472
0.345079
0.61185
0.512376
0.43054
0.594563
0.470062
0.52857
0.567864
0.263988
0.408398
0.610305
0.475658
0.60772
0.515045
0.31456
0.534224
0.20177
0.616174
0.497987
0.656773
0.473172
0.584437
0.579878
0.582042
0.588627
0.46452
0.55609
0.364602
0.62432
0.620985
0.610502
0.388434
0.674458
0.681684
0.431666
0.615664
0.551856
0.518986
0.430188
0.574296
0.550749
0.55048
0.528745
0.600686
0.543795
0.405959
0.596788
0.572085
0.518883
0.444792
0.547165
0.482929
0.125701
0.611381
0.527133
0.458973
0.510668
0.615233
0.430576
0.384185
0.504367
0.475735
0.633604
0.685311
0.671733
0.604869
0.413954
0.540796
0.567824
0.319395
0.356818
0.446816
0.622714
0.493487
0.557953
0.684945
0.415966
0.551978
0.644643
0.539261
0.541982
0.522282
0.36369
0.526594
0.412081
0.497848
0.55346
0.592637
0.478513
0.477573
0.426533
0.308612
0.565741
0.468976
0.519071
0.625446
0.393045
0.490819
0.558436
0.522222
0.543435
0.532062
0.497699
0.409622
0.47928
0.651066
0.300429
0.528514
0.424259
0.529423
0.380693
0.516384
0.644971
0.568998
0.565803
0.503381
0.6426
0.359537
0.482575
0.517059
0.388947
0.733215
0.361874
0.422667
0.595293
0.575904
0.423127
0.515673
0.578676
0.466266
0.744426
0.628807
0.696821
0.613145
0.476129
0.555796
0.502444
0.401
0.506238
0.547032
0.494576
0.436282
0.50562
0.477728
0.130868
0.536027
0.55978
0.321751
0.724505
0.432313
0.476581
0.58756
0.594303
0.542958
0.325861
0.581888
0.445601
0.43825
0.380237
0.576536
0.668518
0.443461
0.487149
0.445401
0.225405
0.533869
0.536748
0.55349
0.549569
0.565804
0.593693
0.111399
0.398765
0.678838
0.124158
0.385709
0.472907
0.591869
0.521402
0.522499
0.507966
0.590412
0.606555
0.491738
0.493087
0.551353
0.624027
0.39939
0.619394
0.451036
0.3951
0.604675
0.498884
0.46286
0.363014
0.537639
0.586694
0.471845
0.618498
0.696997
0.499631
0.363866
0.587953
0.520703
0.633425
0.523107
0.518868
0.588378
0.465575
0.427965
0.520451
0.491173
0.631203
0.475503
0.328081
0.332983
0.546154
0.514911
0.569106
0.565323
0.42001
0.611647
0.582938
0.581974
0.620428
0.555025
0.547655
0.697902
0.498954
0.439811
0.503794
0.347283
0.461041
0.628914
0.442387
0.483455
0.577692
0.543737
0.566835
0.438575
0.607607
0.614337
0.630324
0.577072
0.628427
0.610992
0.473052
0.219546
0.565329
0.39329
0.469416
0.691745
0.555319
0.495666
0.643188
0.730338
0.411431
0.490868
0.532469
0.656353
0.521982
0.514105
0.471919
0.41199
0.348648
0.568012
0.593936
0.468374
0.601792
0.394438
0.578466
0.517781
0.521684
0.580997
0.548892
0.511983
0.414613
0.521017
0.445613
0.639592
0.629359
0.598315
0.624194
0.486438
0.406308
0.397724
0.447561
0.603122
0.653721
0.602897
0.579219
0.477284
0.331059
0.651455
0.647535
0.47696
0.528678
0.385117
0.607109
0.497782
0.482744
0.583872
0.563623
0.581185
0.563118
0.522466
0.905703
0.595953
0.409137
0.579796
0.535408
0.196006
0.646937
0.50566
0.544168
0.552359
0.580031
0.459801
0.428778
0.372438
0.545301
0.506626
0.494293
0.515429
0.34603
0.589719
0.41315
0.505984
0.518879
0.476772
0.397793
0.448849
0.59398
0.5779
0.609547
0.61992
0.558317
0.426616
0.53896
0.61988
0.594894
0.490728
0.546187
0.472738
0.37494
0.614281
0.559856
0.544749
0.404969
0.53622
0.75743
0.437255
0.386251
0.388358
0.645275
0.569864
0.513397
0.414795
0.270817
0.672382
0.418979
0.600574
0.539458
0.535932
0.531608
0.361338
0.527302
0.569054
0.60194
0.584654
0.484025
0.385828
0.378936
0.577258
0.440956
0.363896
0.538119
0.195997
0.462579
0.584217
0.668886
0.51483
0.372941
0.419405
0.56953
0.608071
0.602216
0.474049
0.619227
0.233252
0.523605
0.507376
0.371199
0.525835
0.529016
0.636287
0.506313
0.507667
0.513422
0.534793
0.622444
0.398432
0.180953
0.58584
0.38714
0.172978
0.225818
0.404591
0.631099
0.545284
0.44933
0.5857
0.700103
0.486996
0.491452
0.484165
0.493726
0.508364
0.390565
0.657213
0.506608
0.468532
0.523171
0.416005
0.48532
0.596581
0.593576
0.60361
0.554723
0.458897
0.442432
0.580849
0.597866
0.493822
0.441713
0.177839
0.430269
0.561919
0.486555
0.42064
0.57318
0.701617
0.508908
0.486022
0.579652
0.643508
0.567908
0.380821
0.387571
0.425486
0.575251
0.242367
0.529643
0.373204
0.551505
0.483711
0.442749
0.644929
0.46236
0.693645
0.604144
0.60044
0.55648
0.573785
0.306037
0.469141
0.46961
0.467085
0.375053
0.508745
0.443405
0.471257
0.655433
0.501402
0.54305
0.510834
0.538337
0.574788
0.143163
0.434022
0.557053
0.604472
0.614401
0.436896
0.534294
0.564976
0.55514
0.620094
0.300998
0.621725
0.530667
0.566053
0.424132
0.43336
0.601086
0.153039
0.3605
0.546149
0.642916
0.678747
0.659229
0.412246
0.496171
0.524727
0.487354
0.533822
0.450963
0.274296
0.459761
0.676567
0.61708
0.645794
0.529376
0.63985
0.618762
0.442548
0.687263
0.633549
0.580324
0.398272
0.503346
0.464214
0.668387
0.599552
0.212967
0.357736
0.591609
0.425057
0.359464
0.572828
0.53997
0.411243
0.637981
0.572188
0.55297
0.675752
0.592633
0.504836
0.617163
0.441798
0.463241
0.431161
0.584137
0.190131
0.508748
0.599777
0.610157
0.427447
0.621308
0.592846
0.596249
0.282669
0.669454
0.557154
0.508508
0.529821
0.548877
0.540446
0.724849
0.49394
0.584099
0.484592
0.493042
0.650783
0.454593
0.42043
0.551282
0.643518
0.168642
0.630717
0.547286
0.49854
0.631714
0.462329
0.671461
0.432731
0.16477
0.583479
0.653474
0.604184
0.628551
0.614484
0.605976
0.57159
0.505299
0.553347
0.288086
0.432427
0.350086
0.639498
0.488234
0.597714
0.540296
0.542457
0.429942
0.54565
0.424675
0.583153
0.720079
0.511357
0.605718
0.53368
0.591993
0.42254
0.535846
0.391887
0.536668
0.503385
0.44151
0.515834
0.42838
0.517059
0.621702
0.590985
0.542552
0.524444
0.519992
0.540227
0.493766
0.575793
0.423185
0.667288
0.60869
0.537725
0.470691
0.588078
0.536152
0.533947
0.436932
0.411736
0.383364
0.671215
0.629504
0.335451
0.580558
0.312928
0.533392
0.502065
0.620561
0.498453
0.296653
0.526829
0.375608
0.647354
0.622356
0.418808
0.630588
0.385963
0.623217
0.526086
0.485419
0.490711
0.56348
0.437397
0.589222
0.641874
0.414424
0.511035
0.502525
0.52286
0.602099
0.609344
0.52067
0.506633
0.383502
0.339173
0.532474
0.335035
0.515541
0.325283
0.463249
0.450571
0.607141
0.567202
0.546182
0.634252
0.36587
0.543281
0.43962
0.36448
0.434326
0.0950074
0.480098
0.391771
0.459942
0.519237
0.364688
0.432423
0.507776
0.582157
0.584334
0.572674
0.540186
0.672109
0.089728
0.573331
0.655484
0.642887
0.369619
0.500021
0.518748
0.497658
0.159458
0.492312
0.506846
0.63087
0.52147
0.398587
0.556653
0.346914
0.46612
0.416385
0.500027
0.423613
0.558307
0.64138
0.272971
0.597671
0.296778
0.523037
0.587682
0.649666
0.515145
0.526932
0.644886
0.379579
0.384827
0.681132
0.574467
0.287673
0.447601
0.484335
0.522487
0.0763182
0.498103
0.388758
0.509686
0.504178
0.338546
0.471072
0.595791
0.519463
0.529865
0.704541
0.619724
0.561538
0.364538
0.630604
0.377215
0.383592
0.285696
0.413676
0.586383
0.478778
0.287217
0.695687
0.72227
0.48973
0.541965
0.576243
0.591062
0.569871
0.529177
0.353613
0.421928
0.46866
0.538443
0.780585
0.446103
0.612441
0.514128
0.460467
0.518237
0.525489
0.484551
0.385312
0.640168
0.232256
0.59368
0.555434
0.534158
0.580233
0.440142
0.661893
0.481009
0.511616
0.452456
0.48842
0.583364
0.338346
0.51965
0.396537
0.533021
0.456871
0.595279
0.602487
0.677217
0.550915
0.52236
0.559414
0.53871
0.48106
0.378369
0.669011
0.658891
0.44603
0.628088
0.505687
0.523092
0.566115
0.534795
0.658253
0.656233
0.537389
0.496944
0.460322
0.662208
0.347248
0.469802
0.521652
0.486778
0.514378
0.396879
0.388266
0.546847
0.552097
0.47294
0.564363
0.325319
0.6905
0.138978
0.612559
0.499893
0.468392
0.644266
0.578652
0.472485
0.644469
0.505289
0.454018
0.385374
0.673217
0.534508
0.641194
0.549319
0.489307
0.640223
0.201263
0.506904
0.518669
0.624169
0.55731
0.518416
0.618992
0.406509
0.533473
0.520409
0.672409
0.515415
0.449585
0.521445
0.504848
0.35339
0.484299
0.453827
0.495456
0.522432
0.606385
0.501231
0.572586
0.655885
0.485768
0.557867
0.475078
0.694351
0.509081
0.571414
0.524145
0.437298
0.490714
0.661494
0.366661
0.450607
0.426757
0.405114
0.412166
0.563787
0.339606
0.576174
0.648161
0.472075
0.366374
0.736405
0.530342
0.460704
0.519453
0.457439
0.539857
0.388986
0.470281
0.685832
0.503639
0.144402
0.56073
0.572403
0.618016
0.601941
0.699584
0.534677
0.444147
0.463955
0.588964
0.613878
0.547307
0.484625
0.573026
0.561481
0.52649
0.55425
0.622208
0.269521
0.496378
0.47286
0.452201
0.33167
0.587553
0.555442
0.399546
0.312544
0.436119
0.47372
0.28759
0.523704
0.561759
0.607135
0.290885
0.445629
0.355956
0.501929
0.439426
0.483641
0.421207
0.531526
0.572039
0.300136
0.379831
0.713624
0.47927
0.66186
0.5505
0.675364
0.521009
0.496587
0.585085
0.141045
0.579419
0.474373
0.566619
0.531228
0.470189
0.217919
0.432076
0.541736
0.509929
0.459971
0.693267
0.585777
0.493357
0.527629
0.580378
0.801383
0.451614
0.604313
0.384809
0.50233
0.551476
0.452413
0.427219
0.205741
0.658066
0.599412
0.523573
0.60375
0.63396
0.283974
0.655857
0.585049
0.538144
0.533663
0.445023
0.493981
0.384679
0.448879
0.622184
0.576552
0.521821
0.602671
0.564993
0.536997
0.524841
0.634086
0.712441
0.518569
0.550048
0.384598
0.500712
0.571325
0.437899
0.636324
0.365143
0.50406
0.31645
0.388495
0.483211
0.577258
0.553797
0.563989
0.623348
0.780195
0.487012
0.602163
0.380583
0.565839
0.646605
0.341592
0.604001
0.547235
0.576384
0.111203
0.527399
0.408977
0.586408
0.446384
0.370145
0.218548
0.411038
0.588081
0.535253
0.484258
0.696196
0.546601
0.599316
0.483735
0.25314
0.328112
0.716819
0.53916
0.511209
0.404981
0.599154
0.252513
0.534305
0.439734
0.370853
0.527859
0.327128
0.465869
0.364244
0.651875
0.527519
0.487534
0.334079
0.585087
0.66796
0.572917
0.402742
0.507918
0.647989
0.237205
0.515299
0.460366
0.640638
0.135877
0.26917
0.541949
0.374969
0.607637
0.614566
0.575907
0.446679
0.529718
0.468658
0.453333
0.415695
0.373035
0.728191
0.551735
0.678126
0.392893
0.456911
0.68752
0.531357
0.661402
0.392316
0.361447
0.0871256
0.500139
0.391267
0.417143
0.455556
0.523489
0.486053
0.502785
0.441951
0.436621
0.62076
0.537749
0.644644
0.569377
0.44538
0.426808
0.592653
0.556656
0.456436
0.539244
0.61073
0.60364
0.580571
0.481222
0.394754
0.603133
0.330549
0.390062
0.345636
0.54255
0.508292
0.499307
0.587722
0.272306
0.378366
0.529779
0.506542
0.612196
0.481954
0.592078
0.479766
0.51956
0.482578
0.484564
0.242457
0.536537
0.528444
0.543639
0.314004
0.523378
0.466132
0.32955
0.450814
0.561177
0.586163
0.639921
0.557326
0.367512
0.332454
0.246732
0.496173
0.513262
0.468237
0.469608
0.546742
0.612116
0.350363
0.363604
0.3157
0.409091
0.471334
0.552665
0.169028
0.423396
0.486931
0.387674
0.536806
0.374022
0.634943
0.568439
0.492149
0.540471
0.570275
0.479116
0.51671
0.498801
0.551726
0.653169
0.607153
0.59965
0.643225
0.575095
0.329895
0.518087
0.518483
0.480749
0.517059
0.519378
0.617566
0.492524
0.532769
0.313124
0.545808
0.632779
0.593282
0.41953
0.608385
0.509417
0.60555
0.623921
0.670529
0.549122
0.526886
0.493474
0.481991
0.547745
0.539956
0.514091
0.422884
0.42901
0.349302
0.602295
0.512833
0.611723
0.413202
0.388324
0.606764
0.44476
0.569191
0.648339
0.576212
0.254554
0.487736
0.563303
0.497302
0.271438
0.64715
0.595889
0.570849
0.533501
0.587547
0.507841
0.541078
0.514973
0.387836
0.506267
0.498647
0.616211
0.560106
0.481601
0.55807
0.329552
0.541018
0.479783
0.472479
0.487707
0.533928
0.614485
0.384744
0.580991
0.492396
