0.98993
0.994379
0.0290265
0.00279136
0.354353
0.00900145
0.992253
0.966238
0.994164
0.00260004
0.996652
0.061174
0.993887
0.0790154
0.155714
0.987571
0.00378167
0.0110221
0.995684
0.366473
0.495576
0.937752
0.99525
0.373891
0.00307856
0.715877
0.00282025
0.0031621
0.00270405
0.95359
0.975679
0.708667
0.0233729
0.00409507
0.00513083
0.530688
0.432936
0.992102
0.0119754
0.0250918
0.988584
0.995692
0.96943
0.814838
0.995722
0.00322704
0.51733
0.299329
0.996143
0.0240339
0.195386
0.301823
0.0030966
0.0115872
0.233245
0.636896
0.0699941
0.0217988
0.982559
0.0351009
0.996367
0.0241793
0.00258996
0.86921
0.0112528
0.985822
0.165046
0.00258501
0.995949
0.99011
0.00295914
0.99462
0.993038
0.951832
0.994385
0.00277505
0.00495516
0.996513
0.00259012
0.942832
0.00508553
0.147726
0.00319669
0.839033
0.00280244
0.00423382
0.976252
0.00277306
0.0326472
0.00259197
0.00860835
0.0271834
0.00280626
0.00265995
0.00265457
0.994291
0.482144
0.0968715
0.0279422
0.0834715
0.174888
0.00260242
0.972501
0.996496
0.00709139
0.010213
0.994979
0.00381294
0.994982
0.974753
0.177001
0.691162
0.00263272
0.986766
0.0786423
0.967955
0.0108806
0.552129
0.993873
0.203842
0.99208
0.994002
0.996556
0.99592
0.00294794
0.86488
0.959305
0.40583
0.98376
0.926303
0.0939892
0.956681
0.930807
0.00292758
0.307328
0.996663
0.0500595
0.988853
0.020268
0.99624
0.738697
0.00890791
0.958368
0.98474
0.00281199
0.989465
0.991548
0.939589
0.995791
0.996328
0.996512
0.644681
0.994283
0.662807
0.993296
0.946929
0.0649485
0.00970413
0.996646
0.361711
0.991963
0.00466846
0.98195
0.895841
0.97927
0.00436057
0.00260928
0.307355
0.014656
0.00315156
0.270443
0.995469
0.71257
0.994745
0.0365499
0.0269439
0.996109
0.0350196
0.0305666
0.026066
0.811897
0.681199
0.0055906
0.0170274
0.996413
0.785911
0.00273941
0.95734
0.807978
0.626285
0.00332531
0.946492
0.521149
0.990911
0.383524
0.994575
0.00287937
0.989107
0.994548
0.00403101
0.996139
0.996552
0.996251
0.00275059
0.635646
0.464361
0.985723
0.779671
0.00275336
0.940929
0.99628
0.00324952
0.51053
0.600907
0.00841429
0.0135068
0.985864
0.144918
0.982438
0.286795
0.00261194
0.636216
0.00368475
0.996025
0.00687936
0.992836
0.993617
0.98802
0.989384
0.995805
0.00296039
0.995021
0.919754
0.994581
0.714901
0.662623
0.00281492
0.00260261
0.0259806
0.00260115
0.00491688
0.994018
0.0360161
0.987721
0.778644
0.990798
0.00265705
0.0240354
0.993607
0.991141
0.388866
0.876569
0.0053197
0.00369778
0.974755
0.99538
0.996656
0.968914
0.0121197
0.519825
0.753417
0.00314045
0.00260272
0.0234219
0.995866
0.0262669
0.862266
0.912811
0.00368071
0.996611
0.995247
0.00387006
0.996632
0.996624
0.986667
0.00267261
0.995322
0.0388127
0.957651
0.00265933
0.987398
0.567553
0.693296
0.00301814
0.0428728
0.630828
0.600097
0.985601
0.130022
0.995566
0.994308
0.00336071
0.497316
0.996021
0.00588223
0.00592834
0.986079
0.275427
0.364867
0.00486194
0.995734
0.00313479
0.00328944
0.00328789
0.994682
0.940334
0.00264477
0.987567
0.00450977
0.210319
0.854998
0.996394
0.577797
0.796118
0.994407
0.99344
0.554118
0.00274477
0.499202
0.99627
0.369383
0.99554
0.982229
0.996323
0.00278525
0.00270328
0.0027838
0.00731403
0.0141184
0.868276
0.00280515
0.107985
0.00524021
0.00631198
0.00446035
0.00271159
0.989301
0.0668203
0.94858
0.99609
0.00416595
0.00287119
0.0036289
0.0571267
0.994122
0.00274423
0.996565
0.989759
0.967987
0.0026327
0.237505
0.994879
0.956974
0.996061
0.1551
0.00980457
0.0126128
0.832578
0.0552927
0.945894
0.0339115
0.0106416
0.995309
0.682351
0.845923
0.838683
0.970227
0.00267665
0.802687
0.99456
0.994234
0.926704
0.00391537
0.996436
0.97176
0.996143
0.00410295
0.996489
0.821027
0.00731263
0.00311421
0.0671977
0.989935
0.994361
0.00293097
0.996109
0.994921
0.994149
0.00417553
0.16849
0.982654
0.994018
0.996438
0.984272
0.996529
0.995712
0.450367
0.00447318
0.834499
0.980833
0.994094
0.885827
0.99023
0.995921
0.0418018
0.0120989
0.0404731
0.404142
0.0568269
0.00399908
0.99658
0.959698
0.00269188
0.00278406
0.00295262
0.995773
0.18171
0.0734004
0.00264123
0.95723
0.0360149
0.0953405
0.995442
0.994111
0.994718
0.994516
0.00258499
0.831718
0.992329
0.996474
0.796711
0.915798
0.0039971
0.00263068
0.332839
0.0041171
0.992237
0.9944
0.00662116
0.988946
0.867908
0.54212
0.996416
0.00294371
0.979039
0.0732569
0.972831
0.995308
0.989523
0.180195
0.267861
0.00319144
0.73842
0.995577
0.00307701
0.175801
0.985093
0.995587
0.988521
0.00266882
0.996092
0.0103771
0.995448
0.303534
0.00311404
0.00936443
0.994799
0.978539
0.5275
0.378362
0.00258639
0.132123
0.934061
0.515262
0.00295755
0.928179
0.042818
0.0025845
0.989912
0.0359421
0.00354281
0.996367
0.448151
0.191031
0.995307
0.0909589
0.0163224
0.996413
0.986914
0.99637
0.982542
0.00540173
0.994897
0.99297
0.995951
0.00410023
0.0472892
0.996576
0.00826697
0.996268
0.995355
0.630893
0.995335
0.0126517
0.0389747
0.803758
0.00273569
0.0031518
0.939325
0.869975
0.993541
0.981818
0.924181
0.993877
0.952461
0.994721
0.00519793
0.00260033
0.726124
0.00258437
0.699664
0.00417671
0.00480559
0.556084
0.0155514
0.94464
0.0350454
0.00295686
0.978635
0.97683
0.227676
0.99664
0.0041212
0.181407
0.102954
0.0028114
0.00258956
0.96142
0.996531
0.9226
0.0980861
0.00292239
0.996652
0.119634
0.992927
0.0351393
0.970838
0.0495028
0.788685
0.00263605
0.00446725
0.00511477
0.962144
0.787339
0.177856
0.00282287
0.757512
0.00318092
0.364868
0.0027078
0.703203
0.00305802
0.99588
0.0841061
0.00407656
0.00330429
0.16445
0.00272365
0.991639
0.00259021
0.967794
0.995931
0.00517312
0.993247
0.0114339
0.615436
0.984664
0.476885
0.96936
0.00847135
0.319961
0.200456
0.987565
0.996095
0.0221998
0.173151
0.983914
0.995785
0.176501
0.994636
0.0135021
0.973618
0.0790991
0.105144
0.985948
0.993756
0.87006
0.935361
0.105366
0.00267164
0.00972415
0.983746
0.00281299
0.994249
0.99558
0.883372
0.553955
0.979982
0.994852
0.996383
0.00280739
0.0794005
0.0034584
0.994112
0.00612851
0.00305269
0.996519
0.995252
0.99543
0.869476
0.461539
0.990232
0.995902
0.991173
0.00981826
0.34785
0.0953513
0.00758275
0.995631
0.00273964
0.690771
0.00957421
0.995372
0.0588631
0.894234
0.273183
0.00284802
0.00842656
0.994853
0.991516
0.996654
0.885702
0.996445
0.155258
0.373211
0.00294824
0.996413
0.0704006
0.0875952
0.00276232
0.00271491
0.991606
0.00662309
0.996593
0.994957
0.979658
0.00701439
0.996218
0.996325
0.996545
0.105249
0.996209
0.757565
0.0030219
0.809364
0.00277268
0.0372345
0.903932
0.980827
0.996631
0.0191169
0.461095
0.996661
0.990325
0.0028169
0.0179491
0.498814
0.00260061
0.993381
0.00271858
0.674695
0.239554
0.886531
0.990168
0.993245
0.995995
0.995753
0.00402158
0.994411
0.981135
0.00339428
0.902322
0.952414
0.00346896
0.620587
0.00259468
0.768482
0.00261163
0.985913
0.026836
0.990625
0.979777
0.975635
0.996534
0.60454
0.511274
0.995771
0.996673
0.00380406
0.0232056
0.00477541
0.991449
0.00353041
0.974025
0.00304695
0.988585
0.780524
0.910978
0.991705
0.995953
0.00444121
0.967695
0.993849
0.993323
0.0420066
0.0279804
0.991706
0.418194
0.00317789
0.391483
0.0081593
0.0138315
0.164944
0.995782
0.989412
0.896782
0.987074
0.00280261
0.00267846
0.795123
0.955711
0.237843
0.00298889
0.995969
0.780321
0.995266
0.411515
0.0198244
0.995724
0.0309936
0.983879
0.029512
0.99641
0.128182
0.959517
0.00265257
0.0244456
0.958455
0.92696
0.0252469
0.505332
0.990561
0.995798
0.996632
0.99594
0.57847
0.65268
0.149384
0.315593
0.995872
0.996368
0.00282106
0.00729468
0.349467
0.994824
0.989639
0.0255616
0.0346894
0.908352
0.00492087
0.990023
0.00415134
0.0418438
0.0550018
0.257262
0.697861
0.989852
0.562439
0.00892471
0.147228
0.991846
0.814549
0.992056
0.0207317
0.00267494
0.00592485
0.00797993
0.98651
0.00525537
0.00271697
0.577011
0.00260068
0.0152361
0.397064
0.101529
0.995321
0.379893
0.986698
0.993758
0.996111
0.996567
0.98924
0.896035
0.146614
0.200934
0.00267107
0.88418
0.00331583
0.996103
0.0737132
0.949285
0.414259
0.987257
0.996629
0.00545551
0.00280646
0.996509
0.172036
0.144544
0.995326
0.505071
0.316065
0.983805
0.00532346
0.0025978
0.346667
0.0755305
0.974581
0.00260377
0.982952
0.00316137
0.976479
0.980213
0.988325
0.985829
0.994949
0.00559779
0.059246
0.989591
0.991141
0.895453
0.99403
0.0256932
0.984918
0.462466
0.00554859
0.996641
0.00269101
0.139519
0.0205689
0.994116
0.996651
0.00467615
0.0687067
0.984127
0.995022
0.639773
0.00271258
0.995041
0.992011
0.992176
0.00287458
0.106757
0.0887925
0.00311196
0.88305
0.00537066
0.0156532
0.728619
0.259771
0.00268311
0.374188
0.0265096
0.00278402
0.00312994
0.990131
0.819237
0.103411
0.989263
0.117113
0.0819195
0.00301718
0.109355
0.0708647
0.995099
0.729453
0.884052
0.980677
0.0613132
0.762539
0.996671
0.700133
0.3181
0.952948
0.00346735
0.00356961
0.996273
0.988743
0.97886
0.0118668
0.996606
0.996545
0.0235835
0.102876
0.994921
0.00452575
0.99645
0.00462059
0.102783
0.00475409
0.867487
0.12069
0.973805
0.00286004
0.985249
0.352288
0.0103726
0.172759
0.048066
0.731873
0.253427
0.983145
0.995858
0.00674891
0.99665
0.996221
0.00338505
0.995977
0.00682416
0.649309
0.00292468
0.935913
0.461344
0.508968
0.00259125
0.946765
0.0102868
0.993945
0.00294271
0.425475
0.994369
0.995942
0.00626072
0.00284978
0.526594
0.995181
0.995969
0.328899
0.996421
0.996491
0.996675
0.99643
0.00261868
0.156121
0.00338159
0.990857
0.0826422
0.989757
0.99533
0.0198343
0.233644
0.996231
0.00260038
0.9964
0.0467912
0.00269191
0.975445
0.00292372
0.994206
0.994483
0.0445221
0.586437
0.00258414
0.633761
0.48878
0.00268849
0.0242543
0.0100594
0.00260691
0.982064
0.0034338
0.665776
0.395376
0.179911
0.986388
0.00285558
0.00258649
0.800378
0.0690992
0.00388363
0.918922
0.994773
0.996204
0.993101
0.00359788
0.995641
0.985749
0.00446315
0.00402759
0.00518765
0.996443
0.00534888
0.00280112
0.00410129
0.0042471
0.176757
0.99666
0.00329654
0.939007
0.557389
0.00332203
0.00280688
0.139084
0.0113446
0.00269623
0.985146
0.00422169
0.996126
0.00272405
0.993756
0.0123842
0.975716
0.41876
0.995096
0.991411
0.0538416
0.588472
0.994029
0.00264157
0.017647
0.0072818
0.981407
0.99661
0.949003
0.995889
0.00359977
0.00861352
0.00920471
0.644421
0.0728797
0.00451986
0.0032045
0.994358
0.99666
0.996282
0.989481
0.00261407
0.786281
0.00690025
0.00283782
0.3862
0.996665
0.00315754
0.990902
0.927977
0.385113
0.45228
0.00354781
0.00262496
0.0122376
0.00271552
0.742487
0.00497476
0.995931
0.00476592
0.647227
0.00276103
0.00276761
0.366003
0.995428
0.996672
0.622162
0.951757
0.00258441
0.134937
0.991585
0.994692
0.406595
0.825331
0.0689128
0.00916404
0.00259288
0.996205
0.990896
0.308313
0.457412
0.00277597
0.980941
0.996278
0.0640958
0.00289158
0.00261391
0.996364
0.00276202
0.928694
0.956269
0.948803
0.961773
0.00295868
0.00490896
0.996133
0.978713
0.00264585
0.00314104
0.00307927
0.986457
0.00324443
0.956764
0.00649455
0.00456844
0.0031127
0.950842
0.963356
0.00526222
0.996429
0.983942
0.00264279
0.941105
0.976226
0.995336
0.996242
0.00311853
0.869504
0.988052
0.00271154
0.00267288
0.996141
0.040592
0.996504
0.996277
0.99616
0.32335
0.00259326
0.575027
0.985233
0.0133053
0.00645981
0.126466
0.996266
0.00287065
0.99411
0.00292637
0.0026386
0.0848705
0.889089
0.00347871
0.995924
0.993022
0.0429443
0.995271
0.992929
0.00532306
0.0889172
0.981014
0.196858
0.996003
0.918259
0.990088
0.932644
0.441948
0.0335136
0.993154
0.981035
0.987545
0.131032
0.00265768
0.0057752
0.93719
0.996363
0.969044
0.996565
0.996278
0.00383087
0.00276875
0.211566
0.395462
0.0180526
0.00258549
0.00554069
0.0646365
0.00742025
0.00289185
0.995996
0.187806
0.0065434
0.00263005
0.0115244
0.978526
0.973403
0.994629
0.996035
0.00515674
0.00260321
0.995175
0.161648
0.312554
0.996612
0.00723563
0.988989
0.901671
0.649777
0.983549
0.00674302
0.00783794
0.0465859
0.979509
0.994014
0.0148088
0.00280402
0.937427
0.996516
0.00537778
0.13251
0.994765
0.0189295
0.996307
0.805349
0.802228
0.0323425
0.9863
0.986181
0.987204
0.0862806
0.996661
0.00370407
0.988482
0.538286
0.983516
0.995811
0.996281
0.996533
0.996201
0.0369712
0.994523
0.004357
0.978338
0.991639
0.99668
0.985551
0.994473
0.99072
0.00786639
0.926792
0.996414
0.389253
0.0149721
0.680968
0.990128
0.207935
0.353572
0.00345989
0.365518
0.995922
0.996653
0.00322673
0.985401
0.995474
0.00344773
0.983856
0.99454
0.281641
0.00763842
0.996655
0.00260217
0.0681479
0.476431
0.996426
0.707624
0.994096
0.00461769
0.991142
0.46476
0.0035526
0.00448686
0.432896
0.00494215
0.996509
0.860317
0.995857
0.0232521
0.0101879
0.00285653
0.00264494
0.206792
0.843794
0.0344879
0.00816593
0.996304
0.870998
0.00288836
0.00511878
0.0287848
0.976329
0.996368
0.00262059
0.699637
0.862558
0.134698
0.427698
0.993689
0.995414
0.99475
0.780076
0.994272
0.995703
0.992055
0.0174515
0.00799726
0.00282249
0.988482
0.986508
0.996557
0.181672
0.00617925
0.0723411
0.994362
0.99652
0.00292151
0.994957
0.860989
0.99666
0.9926
0.0922687
0.00261157
0.996613
0.00697706
0.0181203
0.996392
0.00386776
0.408662
0.65203
0.996498
0.0622881
0.98168
0.0202417
0.828517
0.989502
0.0893575
0.961802
0.959806
0.0032637
0.0645398
0.996181
0.917059
0.996246
0.254594
0.00275383
0.0026813
0.373805
0.995425
0.451525
0.029901
0.00261616
0.996674
0.994202
0.0036273
0.00503502
0.0032361
0.393015
0.00612096
0.99093
0.945152
0.00283453
0.0361412
0.97896
0.995271
0.948873
0.984487
0.994502
0.766058
0.976605
0.436264
0.0872756
0.875662
0.909142
0.837371
0.99597
0.585735
0.737594
0.00395793
0.00659603
0.0303937
0.985806
0.460398
0.00373754
0.0928116
0.772694
0.00492574
0.761032
0.00626246
0.00259569
0.985785
0.994409
0.976085
0.954487
0.0361564
0.521879
0.995406
0.93899
0.0918532
0.0103389
0.985767
0.411882
0.00378016
0.87836
0.991933
0.00428016
0.0034626
0.00323172
0.995527
0.992948
0.961884
0.895996
0.856538
0.994732
0.12917
0.992949
0.433155
0.0123046
0.00287201
0.982274
0.0026017
0.990884
0.0698825
0.936388
0.00312546
0.994179
0.996656
0.81414
0.993505
0.0138917
0.00322812
0.461349
0.532915
0.976619
0.984355
0.996503
0.990062
0.992982
0.81563
0.996675
0.0047713
0.00787424
0.00290134
0.99572
0.985835
0.962492
0.112084
0.97768
0.983233
0.00377141
0.00557457
0.996508
0.00265573
0.984659
0.00323832
0.846305
0.994832
0.0341456
0.00988036
0.9964
0.995498
0.00538151
0.94988
0.00258606
0.995491
0.68939
0.00356866
0.99373
0.995384
0.991906
0.996338
0.00297064
0.996482
0.0026216
0.995614
0.993674
0.00258415
0.871116
0.953074
0.486692
0.991908
0.99659
0.00273551
0.975664
0.832514
0.649796
0.990959
0.994795
0.00338744
0.993809
0.00330428
0.36789
0.580823
0.0103024
0.796805
0.00929091
0.574212
0.928078
0.00352287
0.00260875
0.989767
0.0427935
0.995286
0.00375589
0.00292319
0.00498177
0.00321166
0.996332
0.993017
0.991425
0.280491
0.378998
0.980297
0.996664
0.0799866
0.988626
0.99399
0.293698
0.988256
0.410274
0.996508
0.994302
0.919459
0.151207
0.0027822
0.996039
0.00759718
0.0027826
0.994121
0.0484244
0.534373
0.0964443
0.996067
0.245863
0.00539218
0.0035377
0.519135
0.00275018
0.995731
0.00264317
0.538615
0.220762
0.990776
0.956765
0.64918
0.00992784
0.00319607
0.971588
0.00299044
0.0577908
0.00307636
0.94281
0.00354199
0.980996
0.00825741
0.0629289
0.00349419
0.996226
0.00260801
0.98307
0.954545
0.996164
0.978669
0.00857916
0.00915152
0.00287573
0.00298707
0.00985301
0.99661
0.00395255
0.0623978
0.00275477
0.00258405
0.466448
0.922713
0.00307129
0.996082
0.147928
0.982825
0.938865
0.518918
0.990823
0.0466609
0.992097
0.00332355
0.889062
0.778976
0.00325204
0.878308
0.838385
0.00259755
0.0655226
0.982625
0.996158
0.683186
0.989036
0.0725908
0.996004
0.0188405
0.996627
0.0464051
0.994786
0.00442341
0.0026765
0.206197
0.490279
0.304701
0.993231
0.00799707
0.995918
0.00299771
0.994884
0.69052
0.994096
0.996582
0.079478
0.995444
0.779732
0.996347
0.0026493
0.0571281
0.0392734
0.79869
0.00469458
0.00867559
0.516817
0.00474346
0.984074
0.909566
0.00937254
0.97914
0.844071
0.886559
0.935936
0.996626
0.00262794
0.994681
0.97956
0.986927
0.991168
0.835741
0.00268683
0.00267926
0.99655
0.996486
0.987011
0.305263
0.552602
0.847532
0.946241
0.99177
0.00414583
0.00334939
0.99197
0.94973
0.995261
0.984222
0.0039469
0.984278
0.937823
0.994169
0.00510368
0.00807497
0.922827
0.838937
0.992793
0.994676
0.915533
0.0410778
0.975894
0.00365884
0.0710751
0.465079
0.00341208
0.921568
0.994419
0.136036
0.00484418
0.0437699
0.995854
0.01622
0.658083
0.0025922
0.473134
0.00264287
0.539997
0.945794
0.916424
0.996398
0.993135
0.844765
0.993319
0.996458
0.756414
0.994434
0.81856
0.0382797
0.00261669
0.994611
0.152381
0.0056299
0.00283247
0.0025914
0.994142
0.993751
0.140612
0.89848
0.414735
0.838054
0.00271668
0.988749
0.8403
0.00276617
0.995893
0.264901
0.992864
0.992072
0.109629
0.00468028
0.456531
0.986845
0.00514827
0.0053014
0.255395
0.510229
0.984471
0.996147
0.00276279
0.120314
0.0164259
0.920139
0.00259688
0.994711
0.996237
0.00370542
0.904712
0.0452227
0.995964
0.0119396
0.127531
0.00462115
0.99631
0.995837
0.00396858
0.850459
0.00430832
0.529658
0.994036
0.993948
0.265102
0.994517
0.996269
0.995935
0.00355295
0.00277541
0.6113
0.0432827
0.852686
0.00341964
0.993678
0.0194697
0.995591
0.993862
0.973246
0.993519
0.930075
0.992951
0.996592
0.80597
0.00284797
0.00744164
0.0792915
0.00641714
0.835297
0.996299
0.993647
0.791693
0.00259549
0.130531
0.973029
0.00376629
0.00308065
0.0452995
0.00840511
0.00767083
0.84197
0.994874
0.0114743
0.572551
0.974599
0.988872
0.693808
0.996044
0.00338822
0.992471
0.994284
0.00293563
0.00331735
0.996376
0.00258489
0.992806
0.985066
0.910593
0.889659
0.00585188
0.955811
0.957628
0.00830082
0.00724656
0.978705
0.996074
0.994418
0.0147301
0.989876
0.994801
0.0029563
0.00259747
0.996429
0.00290886
0.987443
0.121256
0.00283524
0.00286589
0.0141265
0.876632
0.989285
0.996438
0.00437318
0.0160589
0.989517
0.960844
0.993465
0.251265
0.00458477
0.00339978
0.989032
0.982904
0.995481
0.0234396
0.996367
0.838328
0.99105
0.991395
0.981176
0.00622572
0.0417018
0.0421831
0.00258705
0.0183678
0.995484
0.985887
0.00344558
0.0103567
0.990078
0.176484
0.759594
0.00317859
0.996668
0.17262
0.239636
0.00278766
0.989619
0.477974
0.0122869
0.00258447
0.996084
0.00412199
0.993293
0.135829
0.00480259
0.990526
0.996626
0.00270738
0.0651238
0.995427
0.0707492
0.00546919
0.00419525
0.986233
0.044329
0.842939
0.108859
0.991782
0.992374
0.464145
0.00547194
0.00859029
0.10775
0.992808
0.971128
0.995376
0.972861
0.956507
0.00322035
0.957145
0.996046
0.00336951
0.00365584
0.995241
0.985656
0.894996
0.993269
0.00273357
0.992122
0.994504
0.00411446
0.706489
0.902933
0.00258463
0.0220449
0.494173
0.995696
0.184607
0.992926
0.00298039
0.969906
0.00287541
0.082237
0.870314
0.977104
0.00440925
0.883681
0.996566
0.986805
0.991583
0.286986
0.381133
0.302753
0.994881
0.978286
0.992483
0.979347
0.98456
0.0273162
0.978587
0.994506
0.00350633
0.995646
0.00507993
0.00317816
0.58604
0.967018
0.0136933
0.970407
0.996571
0.00265479
0.995435
0.00269354
0.32407
0.00557535
0.00441016
0.392373
0.00258648
0.151976
0.656312
0.00272515
0.00596001
0.00352277
0.0768934
0.469027
0.986771
0.0196801
0.986934
0.00415921
0.294961
0.93588
0.00262331
0.979322
0.964562
0.992227
0.99579
0.255631
0.954543
0.0321957
0.00262751
0.973523
0.0028476
0.00262264
0.0332015
0.00626994
0.341088
0.996372
0.987654
0.131567
0.989557
0.996633
0.003513
0.00262512
0.0448186
0.944576
0.153868
0.976521
0.639397
0.0274827
0.996288
0.133797
0.926902
0.00269012
0.00264726
0.991545
0.00336472
0.0272292
0.0033484
0.984969
0.501618
0.882296
0.9463
0.996674
0.00337446
0.00329916
0.00267536
0.995567
0.00604661
0.995438
0.0742624
0.985541
0.574234
0.00258527
0.224744
0.926804
0.996313
0.996585
0.598632
0.108782
0.76408
0.847715
0.00409574
0.996042
0.00272071
0.980435
0.844434
0.439321
0.00595473
0.996033
0.00258431
0.00442219
0.12081
0.128721
0.995569
0.995837
0.976759
0.0567041
0.00854094
0.00555462
0.993197
0.00472912
0.994444
0.00260545
0.980765
0.404638
0.32745
0.993079
0.00320726
0.0156919
0.0316298
0.0184748
0.874096
0.0622398
0.00868761
0.00649982
0.0034888
0.4584
0.00290777
0.00288478
0.00269298
0.979646
0.987625
0.00272369
0.00285057
0.996243
0.00273081
0.304437
0.99257
0.00270439
0.994979
0.0490344
0.950596
0.00382773
0.278823
0.996445
0.995859
0.525678
0.709245
0.995703
0.00321311
0.996669
0.96814
0.9908
0.915046
0.00439559
0.959278
0.00390389
0.804995
0.987657
0.993983
0.8473
0.00288469
0.996126
0.996546
0.995911
0.0025863
0.547302
0.855662
0.0107995
0.993351
0.983454
0.00269649
0.38202
0.855017
0.0069139
0.00477504
0.9953
0.00289201
0.996662
0.9265
0.990725
0.973228
0.996603
0.93709
0.996626
0.00706038
0.990513
0.851264
0.996591
0.00861568
0.431267
0.0057792
0.345378
0.994834
0.00261504
0.00699401
0.988938
0.99547
0.0029855
0.791605
0.99494
0.0100509
0.971394
0.995895
0.823306
0.992324
0.0119046
0.0120529
0.913238
0.0169606
0.450122
0.00260393
0.0025961
0.99169
0.00939558
0.00268661
0.00367792
0.00618385
0.971708
0.992782
0.00258407
0.996252
0.996485
0.994207
0.609723
0.966622
0.942657
0.0397816
0.205938
0.996273
0.816402
0.62073
0.0519686
0.954381
0.00376963
0.996578
0.00398292
0.0154168
0.996652
0.996041
0.00315003
0.0339454
0.174521
0.00322654
0.844957
0.00327449
0.00310939
0.93748
0.462517
0.995319
0.892677
0.98614
0.762964
0.993097
0.839728
0.99508
0.00395844
0.987011
0.994756
0.991334
0.00326026
0.993894
0.015786
0.990809
0.180428
0.766833
0.00305295
0.982684
0.99654
0.00266605
0.0231265
0.0460622
0.002633
0.679348
0.00357989
0.00259193
0.921219
0.00260973
0.992407
0.989292
0.995749
0.995454
0.00287047
0.986395
0.00756338
0.758931
0.949557
0.0108332
0.932624
0.00414559
0.0762219
0.995765
0.990617
0.0372546
0.019704
0.00615804
0.00283563
0.745054
0.819671
0.128866
0.119191
0.490148
0.00336761
0.118114
0.128299
0.976955
0.0026181
0.867423
0.992876
0.0692855
0.00283679
0.995671
0.0146783
0.00514266
0.99617
0.0107102
0.0874373
0.823206
0.0614651
0.00486125
0.00268251
0.565108
0.123191
0.0551021
0.387535
0.00272339
0.0169198
0.920679
0.995432
0.991355
0.0672127
0.00399174
0.00536843
0.48278
0.94165
0.973693
0.993468
0.0156749
0.993903
0.011548
0.947558
0.876223
0.00258636
0.994611
0.00262279
0.00745003
0.991894
0.00275728
0.0824983
0.995153
0.994908
0.069884
0.00258777
0.00513079
0.968813
0.00258699
0.0657457
0.996436
0.996066
0.00301675
0.0076509
0.0025845
0.0035245
0.0411731
0.984836
0.976867
0.987043
0.994558
0.891948
0.987358
0.33047
0.994984
0.0312704
0.995655
0.024334
0.837787
0.00273582
0.00263972
0.991676
0.962554
0.00304328
0.0356118
0.217977
0.0896617
0.993372
0.00262087
0.995989
0.728361
0.00281223
0.00366386
0.00535434
0.92564
0.979712
0.986875
0.00264619
0.934615
0.0315249
0.0412764
0.995972
0.0416246
0.97093
0.00460042
0.00403131
0.930501
0.0421111
0.944976
0.141003
0.996557
0.991217
0.910826
0.964156
0.683885
0.0161616
0.988009
0.992809
0.00263864
0.00401022
0.351099
0.990812
0.996369
0.995056
0.0134999
0.957572
0.996344
0.995459
0.978306
0.994887
0.00355061
0.889806
0.00552881
0.90263
0.993351
0.409047
0.996032
0.00327967
0.00421209
0.837012
0.94711
0.022105
0.689508
0.0477259
0.996173
0.995114
0.0110774
0.936616
0.99623
0.975491
0.992574
0.0035185
0.945029
0.17446
0.010901
0.256971
0.99497
0.00335441
0.00258515
0.00310639
0.996428
0.990674
0.996644
0.989328
0.00507336
0.996154
0.00282159
0.849319
0.00754146
0.734095
0.822066
0.012167
0.00299547
0.463522
0.00535983
0.0026005
0.993915
0.969412
0.994812
0.0284496
0.973912
0.00272965
0.0308408
0.00384794
0.00955401
0.0284649
0.00313266
0.987994
0.994319
0.691552
0.958783
0.857368
0.0185558
0.00266385
0.00292212
0.930495
0.896766
0.0111575
0.00429372
0.772656
0.99647
0.994541
0.994697
0.890178
0.995475
0.156001
0.972144
0.996528
0.982458
0.973693
0.00531663
0.0158756
0.128798
0.838628
0.996301
0.00328403
0.995768
0.104958
0.00414369
0.00361334
0.00285062
0.993379
0.0450934
0.992126
0.0073388
0.989969
0.00454988
0.310149
0.314462
0.338086
0.988221
0.00258572
0.957305
0.993058
0.0127982
0.994602
0.00857247
0.928723
0.0285607
0.996643
0.985924
0.0188474
0.994615
0.00299169
0.00519092
0.00498896
0.88836
0.357814
0.492208
0.0255363
0.0188255
0.00530389
0.113059
0.995643
0.983482
0.0103403
0.992657
0.169344
0.995628
0.004467
0.00840417
0.988355
0.996391
0.996436
0.982392
0.938581
0.996328
0.99668
0.905335
0.864793
0.00635471
0.561366
0.983429
0.0121457
0.626229
0.00525409
0.453011
0.996061
0.908389
0.353265
0.996487
0.984951
0.00349637
0.00259326
0.0260938
0.993336
0.0720741
0.00510766
0.985086
0.933524
0.0098814
0.987326
0.00323952
0.00302304
0.00502089
0.996671
0.0897908
0.99667
0.00547748
0.99464
0.0026191
0.00452026
0.782702
0.359494
0.0611941
0.719932
0.0367892
0.0193231
0.993255
0.833796
0.0558101
0.00309743
0.041398
0.996194
0.00390876
0.995936
0.933116
0.203323
0.0051738
0.995751
0.609556
0.994067
0.972119
0.972321
0.98295
0.0369685
0.0026764
0.992987
0.00685194
0.00269046
0.0253134
0.994306
0.163553
0.0223454
0.853872
0.0913257
0.99004
0.958142
0.946032
0.777886
0.0141855
0.937557
0.877933
0.0269665
0.0034558
0.331511
0.38647
0.00315223
0.968974
0.727793
0.195275
0.991296
0.995546
0.0042115
0.996658
0.992211
0.994738
0.907953
0.00258536
0.00373444
0.0407187
0.958672
0.992556
0.00547089
0.992863
0.0391627
0.930838
0.00320696
0.0468278
0.990055
0.0061869
0.00531513
0.00267668
0.813462
0.329534
0.386295
0.996648
0.00396472
0.981377
0.0468338
0.684186
0.991059
0.886711
0.990695
0.00275206
0.0168568
0.0691373
0.990555
0.954794
0.995837
0.0390509
0.00380296
0.0042595
0.00262513
0.00264972
0.622348
0.987707
0.842029
0.00285659
0.995793
0.965103
0.993562
0.00616011
0.00721658
0.00297176
0.022556
0.00282305
0.730291
0.976082
0.996607
0.621978
0.0151995
0.993107
0.00407876
0.993924
0.992684
0.00294374
0.996398
0.0995958
0.00350696
0.990263
0.906637
0.993554
0.011003
0.919698
0.989772
0.00312738
0.694987
0.994885
0.996414
0.819647
0.996085
0.0087584
0.00333866
0.993396
0.0747479
0.920767
0.98822
0.996426
0.00258815
0.992944
0.00295951
0.996313
0.0253183
0.992315
0.244144
0.992078
0.836888
0.00262589
0.330034
0.991967
0.992921
0.0391155
0.597234
0.00435418
0.619283
0.875573
0.00301109
0.0377267
0.146069
0.00540206
0.986945
0.00400917
0.996612
0.995919
0.996498
0.00354935
0.847861
0.494885
0.996477
0.996419
0.0233194
0.995879
0.0109829
0.995808
0.525507
0.0259697
0.037242
0.00284252
0.996261
0.288234
0.00645179
0.1352
0.00653952
0.00265134
0.994269
0.966529
0.27216
0.636426
0.00648027
0.99549
0.942339
0.013513
0.990528
0.994942
0.00405794
0.0867553
0.832618
0.970554
0.0115185
0.996289
0.341646
0.994445
0.996575
0.0339755
0.013374
0.991229
0.99062
0.990619
0.00258392
0.99409
0.083006
0.00373587
0.991162
0.968087
0.396874
0.984174
0.00813362
0.00266471
0.947329
0.99211
0.984664
0.00388646
0.994289
0.54467
0.00354776
0.0483096
0.00458998
0.0080898
0.95415
0.92366
0.99544
0.00276426
0.0425945
0.99659
0.0294856
0.00260885
0.196929
0.113639
0.99633
0.996191
0.00258581
0.995749
0.0073554
0.0688651
0.0142672
0.996223
0.971252
0.994256
0.00291994
0.996333
0.00260084
0.00410417
0.164392
0.577486
0.992217
0.00266977
0.996308
0.0105402
0.00423431
0.973937
0.0063901
0.00377551
0.996313
0.987064
0.996212
0.325647
0.00426551
0.090108
0.00293856
0.992585
0.193426
0.0477279
0.00260387
0.0126006
0.266671
0.991552
0.996342
0.00387937
0.986829
0.197831
0.136435
0.996643
0.996545
0.00348574
0.0118596
0.0362096
0.00297686
0.147079
0.996263
0.996146
0.0429428
0.104937
0.987852
0.00432635
0.297364
0.996293
0.00259688
0.99563
0.286918
0.00404623
0.0823673
0.996427
0.992161
0.996601
0.996344
0.00657167
0.00849088
0.993297
0.00500149
0.117986
0.987081
0.993912
0.0105129
0.986094
0.949148
0.994739
0.993131
0.00316751
0.995823
0.00338385
0.978116
0.00570952
0.00443614
0.00576401
0.00896219
0.00657631
0.00342712
0.996151
0.0128758
0.992622
0.990412
0.90788
0.940799
0.987148
0.00265157
0.0413368
0.00412334
0.00288447
0.974771
0.191101
0.655386
0.0180923
0.987927
0.00338381
0.002727
0.0129729
0.274164
0.939086
0.00634449
0.00276732
0.00723052
0.00278359
0.00299849
0.00262306
0.393676
0.988547
0.976475
0.130288
0.00531022
0.729531
0.00296149
0.0611664
0.467995
0.0206852
0.00444366
0.00671731
0.979656
0.00301724
0.992317
0.99402
0.337831
0.992458
0.995214
0.00275956
0.00262572
0.00671068
0.033207
0.646845
0.00795547
0.98267
0.995911
0.921014
0.901884
0.00266686
0.00848004
0.992513
0.799809
0.00273965
0.9965
0.99626
0.0158068
0.679018
0.258611
0.526614
0.996464
0.893543
0.984848
0.958868
0.996633
0.00269363
0.996576
0.863297
0.0227125
0.0169819
0.00384502
0.010015
0.0108832
0.682392
0.0879262
0.873905
0.9964
0.983946
0.468755
0.99636
0.00271366
0.00468005
0.432017
0.0027887
0.996165
0.594969
0.0503856
0.702392
0.00861576
0.0449429
0.00334131
0.0565079
0.994464
0.0127652
0.438195
0.0519822
0.946587
0.00290305
0.996375
0.996483
0.0142384
0.996185
0.918805
0.880938
0.00643002
0.911352
0.667036
0.988751
0.995664
0.0147807
0.992905
0.00263832
0.0498412
0.988218
0.889079
0.00500616
0.994318
0.00275439
0.00505886
0.115592
0.972921
0.00298561
0.765674
0.971632
0.882369
0.97854
0.990166
0.115432
0.994158
0.00333397
0.980541
0.99608
0.992727
0.89967
0.991114
0.787977
0.910028
0.00657333
0.996406
0.967485
0.996671
0.00334152
0.00258727
0.00388827
0.965289
0.00264201
0.00269062
0.988783
0.628578
0.956285
0.996387
0.00327719
0.00261029
0.00328472
0.00406074
0.946426
0.00631778
0.873461
0.621169
0.0906811
0.4647
0.987972
0.996317
0.8954
0.831982
0.00258936
0.995491
0.0026019
0.00258607
0.0357153
0.9838
0.995657
0.989865
0.379121
0.0040882
0.0048332
0.994395
0.00258414
0.995773
0.00364208
0.55743
0.00264811
0.994511
0.00474539
0.896539
0.0026043
0.995882
0.00259055
0.981968
0.827327
0.347773
0.00392694
0.996436
0.996303
0.98848
0.994286
0.00264829
0.00319165
0.115516
0.945696
0.996497
0.00259069
0.00273413
0.0179451
0.0341146
0.974772
0.0029533
0.00272089
0.996545
0.120876
0.992742
0.802876
0.767341
0.0998973
0.786945
0.379947
0.021894
0.00697956
0.996263
0.00665418
0.989168
0.2118
0.348856
0.114832
0.952333
0.00806546
0.994188
0.987833
0.00297243
0.00331387
0.296068
0.0130298
0.00261452
0.0303404
0.695716
0.99387
0.970685
0.994757
0.989265
0.717934
0.00333353
0.54716
0.117646
0.196483
0.0231267
0.916627
0.996258
0.996563
0.00310388
0.99661
0.966735
0.00287512
0.00262208
0.99475
0.409701
0.00966809
0.98782
0.0526386
0.376967
0.0032544
0.00328187
0.00629615
0.0392928
0.00270678
0.961117
0.996277
0.622043
0.996555
0.00264641
0.016078
0.985095
0.00575972
0.0195227
0.00280176
0.996535
0.992538
0.554934
0.0561346
0.00258442
0.00270787
0.00859545
0.0320152
0.926699
0.196425
0.00350671
0.994976
0.157188
0.991803
0.145361
0.0045128
0.973308
0.672189
0.987278
0.973667
0.00264818
0.0108002
0.0324975
0.994772
0.0811422
0.996205
0.641477
0.99098
0.00267152
0.0137187
0.00264139
0.620244
0.982229
0.973786
0.490768
0.947584
0.00287685
0.995724
0.951324
0.843178
0.996469
0.671032
0.618977
0.993266
0.0143631
0.0132935
0.0226866
0.00440948
0.38075
0.18333
0.979898
0.971177
0.54853
0.719007
0.00625188
0.992509
0.822076
0.987554
0.638163
0.00581278
0.00278076
0.0798092
0.993275
0.00263577
0.0026503
0.661031
0.0193395
0.994024
0.0245472
0.995959
0.986013
0.00258493
0.0310112
0.994784
0.956341
0.986232
0.994704
0.995568
0.00264015
0.00321466
0.995424
0.995089
0.0182219
0.00527033
0.0147789
0.00680906
0.753757
0.00284958
0.935278
0.294087
0.139073
0.995697
0.994699
0.0542865
0.00609801
0.996544
0.918693
0.0400198
0.502937
0.994071
0.54763
0.99545
0.994752
0.991451
0.00540578
0.0378825
0.987394
0.992178
0.996457
0.00279643
0.995877
0.19123
0.122191
0.00305982
0.0148339
0.996528
0.949479
0.00262754
0.996134
0.902577
0.00600828
0.00309961
0.662403
0.995553
0.984483
0.137061
0.193053
0.996314
0.00370732
0.00267228
0.990631
0.00579113
0.00988337
0.994803
0.948638
0.00357505
0.0169776
0.0028378
0.978771
0.986765
0.0482087
0.00302617
0.996676
0.970905
0.986111
0.983177
0.00391274
0.464262
0.0051456
0.00395248
0.00278161
0.0574604
0.00314365
0.991869
0.875084
0.00347152
0.396725
0.00320206
0.00310993
0.972324
0.995205
0.0135125
0.995344
0.00724772
0.0192697
0.990836
0.00352225
0.988996
0.226901
0.00669852
0.0154167
0.0026311
0.175952
0.970336
0.996006
0.00732648
0.245719
0.995678
0.982188
0.00301821
0.990408
0.0774506
0.0359373
0.507036
0.00396832
0.00267673
0.00269137
0.988817
0.00516855
0.0149875
0.99468
0.98752
0.99561
0.17597
0.11464
0.994768
0.0614223
0.00258513
0.996574
0.875183
0.00259251
0.99664
0.990203
0.00288449
0.994216
0.99507
0.0489721
0.98922
0.0731808
0.985194
0.0559084
0.00554632
0.482953
0.0026124
0.0043016
0.00318961
0.0156311
0.969942
0.836529
0.988463
0.996575
0.951164
0.00295328
0.992967
0.00391243
0.880657
0.0026826
0.615485
0.449068
0.777036
0.0078895
0.958078
0.923193
0.0030534
0.99239
0.914251
0.996671
0.00471807
0.958904
0.00488663
0.989348
0.226287
0.0342796
0.995329
0.801312
0.973343
0.0138399
0.00533892
0.0026585
0.203671
0.00412103
0.00283211
0.984454
0.0166205
0.00273415
0.0138969
0.123045
0.256781
0.00446877
0.28514
0.967971
0.992882
0.0403714
0.202689
0.996674
0.64457
0.996555
0.00471241
0.996327
0.996439
0.404015
0.00266655
0.00258899
0.453049
0.620099
0.00293661
0.99524
0.990671
0.514114
0.113668
0.00421012
0.00296857
0.97875
0.032276
0.993622
0.996514
0.954212
0.00932001
0.00341912
0.0207513
0.969838
0.00530669
0.996476
0.00489858
0.959696
0.914085
0.757791
0.99073
0.996472
0.471212
0.99651
0.994811
0.99342
0.0105087
0.45909
0.0766664
0.0029623
0.00263035
0.00340844
0.993904
0.00270593
0.0106371
0.0183262
0.996647
0.196074
0.866741
0.0168761
0.927413
0.00338931
0.965191
0.993013
0.00263342
0.983605
0.948495
0.600201
0.689687
0.00297906
0.00279079
0.00755525
0.236539
0.957332
0.901057
0.00297848
0.276186
0.995917
0.982252
0.00318127
0.00339004
0.00262328
0.995444
0.00262455
0.00360219
0.996595
0.00428167
0.0126997
0.995937
0.00271075
0.0421158
0.00353485
0.00288899
0.902715
0.990794
0.95985
0.899751
0.00291787
0.996554
0.00309259
0.949265
0.119374
0.00334683
0.0359143
0.00428615
0.994233
0.992739
0.992817
0.850703
0.987883
0.996614
0.00427773
0.996052
0.995915
0.846518
0.79719
0.059783
0.995599
0.0026055
0.995812
0.00268573
0.996156
0.0118233
0.690541
0.974971
0.00414526
0.0029071
0.99514
0.00262952
0.971824
0.00261629
0.993515
0.00336584
0.00263276
0.00385613
0.996568
0.00292549
0.416565
0.989949
0.19375
0.993956
0.19518
0.695338
0.0026159
0.315701
0.00292869
0.996178
0.985401
0.0271805
0.00342966
0.0041849
0.969477
0.849339
0.996646
0.836394
0.887823
0.92256
0.996413
0.00288537
0.0306698
0.889273
0.0257866
0.0053832
0.979841
0.996672
0.0117757
0.986762
0.992044
0.99044
0.781326
0.989785
0.985587
0.995351
0.333877
0.0117778
0.769857
0.0180993
0.00303946
0.996407
0.879632
0.991409
0.991439
0.75028
0.00322733
0.00972678
0.992603
0.0384107
0.976937
0.990675
0.995548
0.993904
0.996595
0.396702
0.996294
0.988888
0.144624
0.996206
0.99631
0.993894
0.996421
0.996063
0.00416175
0.188573
0.577764
0.994637
0.995315
0.0492666
0.99524
0.0280396
0.144682
0.00457129
0.995179
0.932863
0.966002
0.0152533
0.00311044
0.988289
0.0807645
0.00320551
0.975644
0.0126621
0.972142
0.291515
0.976842
0.99523
0.00291343
0.00669306
0.0026285
0.00429939
0.951808
0.503926
0.990024
0.307849
0.993423
0.996224
0.917938
0.00390578
0.996298
0.0511065
0.00291715
0.109557
0.0477374
0.588146
0.00869037
0.996031
0.0873905
0.984122
0.888371
0.00419236
0.0032774
0.00258429
0.0905036
0.983624
0.871904
0.991492
0.882884
0.687909
0.00967805
0.00299074
0.748245
0.996014
0.871563
0.0038923
0.996179
0.995476
0.206682
0.97443
0.00258639
0.994636
0.24098
0.0206708
0.630578
0.00279175
0.0249012
0.0101461
0.994076
0.979303
0.996659
0.040079
0.00568891
0.222595
0.892789
0.00676378
0.918924
0.987493
0.991935
0.995768
0.655396
0.987964
0.980934
0.0743412
0.023998
0.891474
0.614894
0.00296347
0.98914
0.00353625
0.113532
0.162768
0.984052
0.995752
0.993276
0.979871
0.00908354
0.994546
0.996133
0.994171
0.103995
0.996511
0.00659468
0.00314517
0.0231316
0.00403671
0.995237
0.840856
0.0055323
0.896416
0.990903
0.995787
0.95057
0.030896
0.97787
0.00450832
0.934127
0.115621
0.992652
0.994228
0.656636
0.996136
0.00362508
0.817695
0.00352018
0.00354385
0.988913
0.940777
0.995304
0.99379
0.0322736
0.996615
0.99565
0.00259913
0.934384
0.323951
0.00280258
0.0100197
0.177565
0.995299
0.00284459
0.0405978
0.52722
0.995656
0.770439
0.72324
0.00537778
0.0110423
0.995375
0.996629
0.00310454
0.936801
0.46438
0.697394
0.94281
0.112171
0.984585
0.00266222
0.987461
0.996649
0.757671
0.992691
0.955533
0.00311033
0.989734
0.00287029
0.991518
0.0177013
0.604159
0.845924
0.00258886
0.994726
0.988842
0.0423784
0.0986822
0.00262094
0.995009
0.986141
0.994548
0.991824
0.995541
0.148126
0.957213
0.00286325
0.879895
0.0176641
0.996648
0.0714272
0.995514
0.00331877
0.00281505
0.00380063
0.942046
0.00813889
0.985477
0.658199
0.996008
0.388148
0.145985
0.490155
0.00258925
0.00289805
0.00764803
0.0164144
0.844641
0.789754
0.304836
0.995098
0.969686
0.991246
0.063466
0.00327152
0.945635
0.996614
0.992128
0.996086
0.0033053
0.835927
0.996446
0.0272562
0.895785
0.996621
0.00924171
0.00262464
0.996551
0.989397
0.00796266
0.0219403
0.977918
0.883196
0.535255
0.290659
0.0199699
0.976392
0.00276398
0.00509611
0.995971
0.994611
0.991275
0.0107902
0.00267073
0.93028
0.00296907
0.996086
0.00378435
0.995283
0.901631
0.0553726
0.923558
0.0649416
0.00258524
0.995639
0.996215
0.983233
0.0029771
0.00364318
0.81703
0.00437994
0.643962
0.736156
0.369112
0.996253
0.00258445
0.103316
0.0028262
0.287613
0.00688457
0.995527
0.00314069
0.987962
0.996478
0.00659626
0.00259461
0.0155015
0.129545
0.00444082
0.00325601
0.634062
0.994178
0.144298
0.988228
0.00277614
0.992103
0.0515596
0.0836201
0.00977951
0.986464
0.996212
0.0735441
0.988124
0.00282408
0.996367
0.00345619
0.0971288
0.00260198
0.996515
0.00373771
0.976143
0.976348
0.996298
0.99411
0.0147725
0.99268
0.00311215
0.976736
0.289363
0.00258408
0.996638
0.506552
0.995369
0.00353195
0.907713
0.99269
0.0447488
0.947584
0.70155
0.584202
0.0052254
0.996341
0.00312743
0.810206
0.118672
0.0207981
0.00491466
0.00270821
0.721121
0.151992
0.970132
0.995602
0.996654
0.944309
0.00369343
0.0175909
0.985952
0.00289681
0.527674
0.995606
0.996534
0.989866
0.0025897
0.800267
0.13175
0.00263849
0.992148
0.996364
0.00389673
0.0027402
0.955822
0.464651
0.995746
0.980072
0.0595108
0.984222
0.986525
0.991478
0.990899
0.993067
0.994791
0.988424
0.366708
0.130184
0.99614
0.913055
0.00426313
0.99659
0.00825722
0.0817518
0.995224
0.995198
0.995706
0.995696
0.962573
0.00615281
0.994769
0.98319
0.973524
0.00392883
0.0873573
0.00669454
0.00311766
0.00329358
0.0347642
0.996417
0.0837221
0.0211982
0.00633994
0.00346779
0.00268457
0.996156
0.00263046
0.041294
0.996622
0.254954
0.980615
0.00581844
0.986974
0.996103
0.996628
0.989987
0.996562
0.00414971
0.0155854
0.989718
0.994458
0.988606
0.910377
0.00304132
0.995151
0.944357
0.996647
0.963803
0.981513
0.892951
0.995446
0.00261152
0.00337019
0.00309694
0.223512
0.00299917
0.00811633
0.0028334
0.0026284
0.0110541
0.00268
0.991733
0.98542
0.841042
0.00538989
0.103234
0.988534
0.796303
0.196797
0.994814
0.00601559
0.00593806
0.938239
0.995608
0.00401938
0.0753246
0.00283147
0.993017
0.994068
0.86639
0.995382
0.00514628
0.937473
0.984116
0.00554644
0.014192
0.995707
0.00337162
0.00325692
0.992769
0.971547
0.0210477
0.47015
0.844627
0.994559
0.00268635
0.94794
0.990342
0.977343
0.916
0.990415
0.996016
0.0286908
0.00914059
0.577507
0.00261496
0.970486
0.00285703
0.00301651
0.986896
0.996629
0.829289
0.0031022
0.155065
0.996076
0.00347432
0.0179471
0.984725
0.584038
0.995585
0.984645
0.548911
0.00267024
0.00265646
0.99416
0.012032
0.994949
0.0170111
0.00264084
0.563266
0.0249197
0.00866052
0.993906
0.00266625
0.00318657
0.00406281
0.996108
0.00600496
0.980554
0.00258583
0.00310515
0.799192
0.008909
0.995457
0.896553
0.979784
0.00769676
0.0076523
0.0424771
0.99596
0.996097
0.928295
0.996549
0.0235584
0.996621
0.0138373
0.785046
0.150085
0.892333
0.00491589
0.00450256
0.996474
0.948528
0.99415
0.00930894
0.888025
0.985826
0.993819
0.00279585
0.425199
0.00310914
0.00417387
0.00281858
0.00717112
0.987764
0.908746
0.00293957
0.951719
0.994005
0.214809
0.996443
0.00795153
0.984628
0.798637
0.00276725
0.00334823
0.00626517
0.947552
0.916212
0.00265289
0.996625
0.00378
0.00993031
0.978974
0.996274
0.939206
0.245422
0.979564
0.108346
0.993211
0.754987
0.00379317
0.00804877
0.00920314
0.0110373
0.996442
0.00451188
0.00276979
0.988659
0.211016
0.99643
0.996209
0.817092
0.995153
0.00348159
0.198727
0.0414663
0.49467
0.107549
0.801507
0.986913
0.97011
0.426007
0.993181
0.11763
0.609706
0.00844963
0.00296633
0.00312431
0.991252
0.993759
0.00263667
0.995133
0.00416724
0.99596
0.00390309
0.742387
0.00264227
0.789871
0.007551
0.00259062
0.0486482
0.00334096
0.00297342
0.0228261
0.00624937
0.0241155
0.996671
0.00508848
0.00263196
0.995606
0.0270727
0.991521
0.85938
0.110884
0.996582
0.996491
0.00260959
0.00450254
0.974352
0.98925
0.927682
0.868094
0.995527
0.990332
0.199152
0.944381
0.321637
0.0029243
0.976732
0.584264
0.986389
0.00509222
0.99529
0.0956374
0.694456
0.971788
0.993592
0.00260286
0.604014
0.378553
0.994292
0.950718
0.941736
0.995151
0.00343502
0.775416
0.706691
0.00261124
0.00258647
0.544699
0.996186
0.00329145
0.199924
0.995861
0.986791
0.187906
0.955015
0.0170193
0.976817
0.0033513
0.996408
0.00270122
0.958731
0.00332529
0.0069908
0.996351
0.987373
0.996506
0.0961469
0.995229
0.16905
0.0575355
0.991381
0.00302908
0.941467
0.992628
0.00274695
0.991151
0.0379496
0.996664
0.995887
0.0398391
0.940808
0.995739
0.0349784
0.88817
0.877394
0.996405
0.99603
0.00273556
0.994901
0.00261906
0.977272
0.00282095
0.00272038
0.138412
0.996178
0.993402
0.996567
0.00368531
0.995853
0.991504
0.00295334
0.313904
0.00403893
0.0168814
0.0297586
0.0736985
0.00270687
0.00610132
0.0105935
0.66711
0.00281202
0.821443
0.996057
0.996142
0.0027259
0.00349983
0.994884
0.0637665
0.32132
0.855482
0.0363678
0.00310671
0.990341
0.994676
0.995291
0.00979848
0.224378
0.994823
0.984977
0.00530352
0.939044
0.995195
0.0168062
0.524356
0.291424
0.0538879
0.758437
0.0982787
0.993692
0.995523
0.996676
0.00342078
0.993494
0.941439
0.0029114
0.996559
0.0199517
0.991783
0.00618172
0.993651
0.951814
0.00793467
0.990309
0.995303
0.0283931
0.379134
0.539042
0.355842
0.00625325
0.00326591
0.995722
0.00300535
0.266507
0.97948
0.00582197
0.0480415
0.0388508
0.0698985
0.00317569
0.0120272
0.00488742
0.0217911
0.279905
0.101475
0.996313
0.00276901
0.00296596
0.0518055
0.971094
0.98867
0.0297664
0.996592
0.00422357
0.989138
0.984895
0.996225
0.00271847
0.219833
0.972283
0.21167
0.956081
0.241999
0.996578
0.00402705
0.892752
0.580472
0.087525
0.994816
0.933196
0.984008
0.996648
0.996313
0.974691
0.0467551
0.00534306
0.99664
0.00386147
0.769294
0.995045
0.995323
0.663431
0.903915
0.995265
0.960242
0.00805163
0.989609
0.160142
0.003714
0.996614
0.112238
0.0585498
0.0278087
0.996659
0.996613
0.993328
0.0026275
0.184101
0.00343539
0.00339891
0.95555
0.00298597
0.996482
0.886229
0.00263907
0.00264874
0.992552
0.991918
0.99614
0.81699
0.981709
0.00744893
0.968907
0.00262638
0.00266967
0.995715
0.96881
0.0770926
0.994807
0.00260039
0.00511802
0.00262089
0.646097
0.0716545
0.74398
0.920787
0.0265378
0.00287386
0.99366
0.995595
0.630591
0.996512
0.996366
0.936288
0.993842
0.986232
0.345327
0.0111006
0.679566
0.00301973
0.957316
0.104678
0.0846317
0.0142685
0.954657
0.00300444
0.00318439
0.00561487
0.00261624
0.995435
0.993759
0.00259682
0.962396
0.0032939
0.995411
0.0200255
0.00259935
0.995833
0.00270674
0.52102
0.0125701
0.0140118
0.976678
0.00258668
0.990754
0.955924
0.984509
0.991345
0.994766
0.952158
0.859123
0.996651
0.00322161
0.994075
0.982847
0.346028
0.00555039
0.00269793
0.996361
0.994048
0.992132
0.993447
0.00329977
0.794193
0.995628
0.00270027
0.981195
0.686273
0.995642
0.996254
0.875697
0.00846204
0.88673
0.00494022
0.984561
0.996623
0.00258421
0.938501
0.983126
0.996581
0.018441
0.992689
0.9097
0.00261391
0.802824
0.756385
0.140984
0.00259032
0.719106
0.150422
0.646386
0.265386
0.996148
0.996516
0.972048
0.995485
0.00307424
0.00261964
0.00281508
0.984399
0.0025862
0.834086
0.00799211
0.990278
0.853349
0.3866
0.990318
0.179201
0.00734569
0.994052
0.862238
0.00260446
0.995819
0.00322525
0.994618
0.672483
0.994094
0.964809
0.556388
0.00322563
0.992301
0.996049
0.91716
0.53223
0.996167
0.990683
0.955669
0.0026746
0.0164515
0.00775202
0.958709
0.96892
0.964642
0.996664
0.552837
0.477625
0.00259195
0.96378
0.988006
0.00708991
0.996631
0.943366
0.996597
0.727829
0.00524758
0.991269
0.989724
0.987164
0.00281926
0.0102886
0.995506
0.0254052
0.986617
0.995376
0.636291
0.995629
0.157896
0.00490421
0.00560789
0.240206
0.663096
0.0328979
0.00259722
0.993016
0.246412
0.020779
0.00260223
0.969341
0.995251
0.933587
0.994638
0.986784
0.0298168
0.002645
0.994076
0.00293887
0.995969
0.00261896
0.204363
0.00373899
0.933665
0.00302188
0.996558
0.568662
0.995612
0.00266996
0.00475234
0.994203
0.126467
0.00258705
0.943117
0.90545
0.00309597
0.990976
0.99149
0.311249
0.845563
0.995347
0.00420336
0.992962
0.967515
0.0458337
0.993903
0.00539608
0.00274945
0.994762
0.992533
0.00338281
0.00666499
0.533085
0.953036
0.983767
0.996561
0.06843
0.766317
0.003485
0.00267126
0.990471
0.00258964
0.101949
0.992736
0.024876
0.00259963
0.996021
0.00292915
0.922381
0.993903
0.975715
0.912978
0.0162455
0.996059
0.00297084
0.00819408
0.00312875
0.986705
0.996399
0.992193
0.00473099
0.416679
0.160652
0.00379858
0.978669
0.0359471
0.994195
0.947814
0.090801
0.00305033
0.966771
0.996238
0.990905
0.00427299
0.477215
0.995051
0.995393
0.00416568
0.98224
0.330398
0.996153
0.994795
0.0689959
0.00351875
0.958078
0.879453
0.995968
0.995361
0.994113
0.00345617
0.313846
0.00528751
0.960869
0.913271
0.988725
0.796078
0.99659
0.947277
0.828347
0.00394568
0.00339074
0.00268748
0.842493
0.996476
0.993208
0.286596
0.9928
0.933997
0.74799
0.0137318
0.991473
0.00498595
0.963393
0.987543
0.00360252
0.214383
0.959913
0.0413513
0.522673
0.311491
0.00265959
0.670225
0.0026311
0.00260743
0.0613907
0.00646569
0.0270082
0.00258544
0.0161445
0.179143
0.269181
0.002618
0.0060234
0.00847354
0.992818
0.0124685
0.996094
0.00401607
0.00259676
0.62298
0.877656
0.00407643
0.740046
0.995629
0.994654
0.993836
0.4251
0.854539
0.984026
0.0528177
0.0326822
0.996295
0.99655
0.995761
0.00503849
0.302707
0.0269776
0.0641953
0.996654
0.975848
0.973496
0.919986
0.981714
0.94402
0.156828
0.287536
0.145069
0.996619
0.993872
0.0293506
0.987316
0.00319461
0.984893
0.00302239
0.9965
0.949652
0.995814
0.0360697
0.00435178
0.952605
0.00268514
0.0918151
0.983492
0.336673
0.8348
0.978883
0.996681
0.992011
0.978903
0.207573
0.996629
0.0035974
0.994675
0.429724
0.989892
0.271625
0.991871
0.992587
0.839098
0.00302902
0.98895
0.00261208
0.919447
0.0221868
0.925132
0.00309043
0.989248
0.00591756
0.126584
0.991099
0.846378
0.952137
0.989517
0.996662
0.984479
0.00297213
0.995827
0.946827
0.991164
0.0525012
0.996294
0.103573
0.00822065
0.992876
0.996266
0.995451
0.986217
0.60105
0.982527
0.0114989
0.00502234
0.00342552
0.00270249
0.878948
0.987376
0.440176
0.00269849
0.929943
0.996561
0.91476
0.00594598
0.0226971
0.00480914
0.994263
0.995935
0.00265908
0.00285512
0.939988
0.00276859
0.995021
0.00602058
0.735765
0.832333
0.590513
0.990816
0.996678
0.972846
0.990046
0.996172
0.986859
0.996421
0.00273327
0.36199
0.00267505
0.992163
0.00580589
0.00269978
0.00271283
0.014608
0.0101176
0.275705
0.00260142
0.0117693
0.993898
0.0311991
0.833069
0.0026022
0.197591
0.886896
0.992065
0.99636
0.990414
0.365377
0.00557877
0.937119
0.989852
0.948186
0.0111592
0.996578
0.996674
0.973037
0.88406
0.956144
0.00281218
0.996507
0.987042
0.0084497
0.00307626
0.00293088
0.99262
0.980212
0.00591314
0.259558
0.00872008
0.996438
0.0678561
0.993796
0.0178125
0.996513
0.0182853
0.854172
0.706123
0.0505249
0.127798
0.991192
0.00265129
0.996064
0.00283332
0.995579
0.923579
0.00353926
0.989313
0.986189
0.00325893
0.00297034
0.996614
0.996247
0.00308525
0.0182604
0.786221
0.996656
0.994106
0.145965
0.994082
0.995392
0.854875
0.0240055
0.128069
0.914601
0.99603
0.00835219
0.00260889
0.166776
0.873971
0.00310817
0.995432
0.954166
0.990012
0.00642074
0.995304
0.0643715
0.00267779
0.0116023
0.0109952
0.0119796
0.972518
0.988476
0.995001
0.750002
0.0172071
0.00265316
0.0283228
0.995918
0.253437
0.0148521
0.00737609
0.990584
0.00291444
0.96765
0.00792639
0.00510731
0.00402494
0.010332
0.728688
0.787678
0.996675
0.130395
0.00962697
0.990274
0.00270725
0.00263341
0.00258969
0.995676
0.972949
0.996022
0.282585
0.996531
0.00258552
0.995895
0.00268937
0.985298
0.0029601
0.318898
0.995283
0.481403
0.0030171
0.857296
0.995976
0.057895
0.982302
0.996641
0.430228
0.994614
0.996014
0.356674
0.388495
0.00354947
0.829986
0.995071
0.00578786
0.985927
0.0367121
0.959587
0.47879
0.991979
0.99648
0.00501316
0.0678486
0.990763
0.164453
0.621482
0.996625
0.0209248
0.00267416
0.00264733
0.00360332
0.0123776
0.992381
0.00585396
0.927705
0.996515
0.00269437
0.887357
0.995641
0.00260758
0.00703067
0.00332937
0.00259358
0.989441
0.9947
0.994589
0.934856
0.565421
0.995729
0.185555
0.657714
0.973954
0.937824
0.976319
0.996387
0.0296245
0.995111
0.00487612
0.316986
0.0268626
0.00262594
0.00262563
0.00276575
0.00476818
0.974596
0.983626
0.00375608
0.994684
0.13385
0.996089
0.00280002
0.995725
0.0026526
0.995371
0.994969
0.00570418
0.964166
0.00515681
0.0940244
0.161468
0.00260051
0.0026644
0.986307
0.00706795
0.988984
0.382191
0.97744
0.00262173
0.00259549
0.00446414
0.377573
0.995673
0.0113009
0.907799
0.996303
0.00382083
0.00293278
0.988986
0.00266951
0.00530801
0.00649348
0.0627627
0.929039
0.00270074
0.912707
0.991565
0.990216
0.112558
0.355055
0.00624922
0.995238
0.00463314
0.0108634
0.00262064
0.422632
0.173292
0.00358357
0.990653
0.978391
0.00686429
0.977984
0.00261252
0.937687
0.170349
0.00258702
0.996339
0.00261625
0.00420511
0.00385028
0.0500551
0.942907
0.0204175
0.963476
0.52521
0.00272811
0.996505
0.00275532
0.00296014
0.996675
0.00357076
0.0141992
0.00483636
0.00344168
0.00265166
0.991666
0.989666
0.994044
0.996014
0.00371177
0.0902236
0.86433
0.00449286
0.995866
0.576656
0.36675
0.888781
0.994277
0.0091205
0.972057
0.129592
0.00432096
0.341691
0.984263
0.00483171
0.0684267
0.983558
0.00344794
0.627824
0.987264
0.996437
0.00260369
0.643067
0.00267269
0.996446
0.996669
0.994005
0.00338553
0.995043
0.99208
0.995396
0.00278218
0.996077
0.978526
0.996439
0.996468
0.981868
0.0468364
0.895133
0.984125
0.867376
0.874532
0.00345208
0.00320297
0.834007
0.8417
0.0104053
0.989198
0.912703
0.755206
0.0344154
0.935394
0.0219578
0.00469935
0.00294189
0.238065
0.117332
0.0419291
0.994224
0.0259244
0.996126
0.059024
0.494524
0.00275742
0.305666
0.994806
0.991535
0.996464
0.995873
0.957275
0.663745
0.00261573
0.0500255
0.996491
0.996121
0.992593
0.996227
0.996245
0.851369
0.655799
0.367014
0.00266353
0.996673
0.00550566
0.994198
0.0135094
0.996633
0.00387134
0.0451699
0.156348
0.120156
0.264755
0.995419
0.0417675
0.00688958
0.995429
0.00686882
0.00301509
0.993498
0.995901
0.949995
0.994851
0.00264633
0.00583273
0.619698
0.00348826
0.918193
0.995881
0.996631
0.15268
0.00318436
0.0315012
0.990856
0.885185
0.996165
0.936534
0.00259654
0.996427
0.00351082
0.987934
0.995823
0.00296869
0.162318
0.0766054
0.429033
0.995981
0.0320363
0.996065
0.384601
0.996271
0.995498
0.99642
0.996547
0.996308
0.0138163
0.976566
0.00302374
0.00283523
0.982094
0.00271594
0.00310349
0.0196857
0.804127
0.00375023
0.994015
0.00263039
0.99558
0.00317324
0.979046
0.0178938
0.00269268
0.00259708
0.945011
0.95646
0.0025838
0.00516694
0.0244098
0.00948106
0.00258542
0.995737
0.994223
0.99659
0.93644
0.993995
0.583609
0.00388843
0.0027591
0.860424
0.00320311
0.212637
0.00261392
0.00403033
0.996538
0.00337492
0.858708
0.992648
0.986727
0.979742
0.712612
0.477854
0.99071
0.0100829
0.00617839
0.0518723
0.996187
0.994897
0.00320565
0.957741
0.108936
0.00914544
0.00503792
0.0026184
0.991743
0.00274333
0.992707
0.975258
0.00496048
0.995568
0.541746
0.446351
0.00517954
0.986021
0.00259717
0.996349
0.245955
0.00558542
0.00302278
0.00455096
0.273702
0.00300133
0.99667
0.0238951
0.99443
0.978175
0.98835
0.00335975
0.0825891
0.00259635
0.0617176
0.995749
0.0224462
0.871188
0.0026655
0.993601
0.0691277
0.00262584
0.0463697
0.994454
0.979394
0.994679
0.0035635
0.00299706
0.00375815
0.00259603
0.701125
0.388506
0.992317
0.962218
0.865406
0.154401
0.992099
0.00295067
0.936253
0.996468
0.00649603
0.044288
0.00384441
0.994831
0.931747
0.796986
0.996166
0.00349616
0.970562
0.981228
0.956536
0.993313
0.926362
0.00926624
0.996614
0.989132
0.987804
0.128847
0.00331531
0.00261217
0.996232
0.982076
0.249594
0.870186
0.0135832
0.00280213
0.921469
0.0216849
0.995497
0.996154
0.678886
0.280382
0.137054
0.955078
0.994628
0.0148976
0.00500406
0.959226
0.992572
0.958881
0.958725
0.0180802
0.00381027
0.85072
0.816167
0.00847101
0.970761
0.00385376
0.00271874
0.992912
0.175836
0.0110324
0.0480388
0.994041
0.993593
0.996666
0.996348
0.985612
0.778034
0.00856195
0.984505
0.234726
0.34883
0.994803
0.0412402
0.974632
0.987874
0.981538
0.996663
0.99478
0.00342674
0.967957
0.485927
0.99593
0.995873
0.996398
0.988426
0.0883731
0.972212
0.796451
0.812504
0.981065
0.00285851
0.00489469
0.990578
0.00399575
0.98894
0.987262
0.00368737
0.0035055
0.00332641
0.00828345
0.0027331
0.817469
0.562402
0.990782
0.988645
0.104832
0.982619
0.247224
0.141337
0.0189807
0.996626
0.995906
0.986975
0.00318666
0.991625
0.119037
0.0506337
0.986244
0.995476
0.458401
0.806155
0.00301364
0.2029
0.934902
0.00405015
0.00258918
0.0103247
0.994912
0.954453
0.991474
0.988145
0.00698216
0.00346031
0.471116
0.0858642
0.032027
0.0127595
0.988251
0.00303626
0.986085
0.505366
0.688347
0.993729
0.0354249
0.970669
0.841842
0.995536
0.0661922
0.941006
0.913946
0.982681
0.0853669
0.993153
0.995918
0.00258566
0.0253328
0.163454
0.00329008
0.00304194
0.0101366
0.00331384
0.995297
0.00360305
0.00372922
0.071857
0.988778
0.00281698
0.982678
0.00442253
0.169186
0.943937
0.994612
0.0889796
0.00266552
0.662712
0.00363102
0.995923
0.996527
0.996615
0.842219
0.703398
0.0139974
0.991741
0.0309008
0.0452442
0.697856
0.0144954
0.992941
0.00780221
0.995469
0.956427
0.816474
0.932201
0.926235
0.989824
0.00282377
0.996578
0.928233
0.922037
0.0050624
0.00499852
0.114563
0.0800109
0.996361
0.994257
0.00573278
0.987293
0.00332659
0.996602
0.990695
0.604061
0.706029
0.0049917
0.991397
0.429155
0.272673
0.974863
0.00459418
0.0369724
0.00298939
0.00859021
0.00332722
0.00258823
0.996225
0.00462107
0.0053761
0.99383
0.936842
0.00258442
0.00315473
0.736995
0.0221527
0.0042163
0.994294
0.996446
0.996571
0.00776268
0.00794276
0.00335375
0.00672172
0.996641
0.990328
0.00461837
0.00605766
0.00258512
0.990131
0.0165148
0.0256176
0.00381767
0.995415
0.993255
0.0329788
0.995652
0.00258461
0.0112491
0.269813
0.966823
0.180373
0.990004
0.00639127
0.990521
0.0062914
0.922646
0.995405
0.0027978
0.086938
0.635824
0.00288488
0.996636
0.00260828
0.989834
0.931928
0.989692
0.00265243
0.00323881
0.00304352
0.990972
0.925032
0.872319
0.00648974
0.846662
0.992588
0.966559
0.991128
0.00265734
0.121161
0.994874
0.992702
0.987637
0.991095
0.995296
0.992319
0.00258395
0.778788
0.00260358
0.0817227
0.00349997
0.99641
0.994007
0.964039
0.977391
0.0037938
0.0639831
0.995795
0.00821071
0.985851
0.980877
0.617516
0.992657
0.996654
0.0933105
0.996543
0.0076833
0.00313045
0.0204638
0.664868
0.98275
0.952745
0.00261935
0.00520708
0.0032307
0.0364305
0.00318751
0.0125373
0.996456
0.98147
0.00331437
0.995641
0.0527713
0.996336
0.99654
0.989744
0.00748258
0.954531
0.0366847
0.996675
0.205437
0.377873
0.971729
0.00329248
0.906166
0.00367802
0.0117105
0.995935
0.00542098
0.993524
0.00523029
0.0619329
0.00297183
0.00326971
0.310178
0.00272086
0.00302973
0.309695
0.996064
0.958888
0.465072
0.994865
0.992137
0.994524
0.750466
0.00480149
0.975329
0.00274792
0.992854
0.00799645
0.994398
0.00433321
0.00384443
0.957848
0.0028288
0.00267753
0.114688
0.0292042
0.993936
0.820721
0.0227598
0.00336689
0.00272749
0.591466
0.996216
0.12752
0.012018
0.968477
0.00258397
0.00391027
0.00978819
0.00951941
0.476716
0.00260063
0.994923
0.995136
0.976072
0.0107425
0.00380085
0.530856
0.994472
0.99579
0.994749
0.992004
0.00674152
0.981521
0.996511
0.00258905
0.918168
0.993876
0.0954232
0.00303452
0.970589
0.0661332
0.0101917
0.00374903
0.00289761
0.767009
0.994645
0.733229
0.996452
0.99612
0.99591
0.00299076
0.00469708
0.986533
0.836531
0.00635233
0.996061
0.733778
0.996528
0.9961
0.800267
0.00472653
0.28827
0.0489366
0.996534
0.250106
0.00297403
0.00478247
0.995657
0.00638833
0.984891
0.0769575
0.0162115
0.00513678
0.00261538
0.00258792
0.996564
0.00261085
0.966449
0.614721
0.986114
0.00884017
0.909866
0.47354
0.496142
0.995847
0.513783
0.995598
0.372915
0.00777933
0.996592
0.00380481
0.00900371
0.956549
0.995435
0.996304
0.810222
0.00807345
0.00393063
0.996149
0.0475116
0.00260661
0.00261581
0.0169193
0.0492644
0.993386
0.989115
0.994393
0.00259568
0.748445
0.00259154
0.211456
0.996506
0.00437744
0.802285
0.0142569
0.957744
0.003421
0.0268851
0.00266982
0.991521
0.986668
0.278665
0.72463
0.00266526
0.0060569
0.990456
0.995503
0.984044
0.828125
0.00627589
0.99501
0.991621
0.991308
0.996466
0.983842
0.00494795
0.0026283
0.0215629
0.976708
0.996302
0.996354
0.00440812
0.00437265
0.995215
0.996532
0.994321
0.996035
0.0139731
0.786993
0.0032814
0.0111047
0.00407874
0.0037408
0.683834
0.0173095
0.00374459
0.93333
0.0125866
0.993383
0.0101441
0.958007
0.038645
0.994992
0.0049108
0.00711795
0.0766312
0.995656
0.994218
0.99046
0.995133
0.962138
0.996582
0.00571024
0.00327226
0.0268968
0.992041
0.0502582
0.103131
0.00259872
0.995606
0.991789
0.131604
0.841468
0.00276454
0.0569444
0.99237
0.961693
0.0172245
0.00310101
0.995337
0.0030569
0.992283
0.578857
0.990786
0.566126
0.0114155
0.895183
0.995538
0.82972
0.0056659
0.0262358
0.92305
0.995729
0.00268357
0.00292351
0.968809
0.00270269
0.0124644
0.00885012
0.819369
0.761656
0.00263924
0.991801
0.992905
0.99511
0.957205
0.996427
0.00703635
0.00671087
0.973477
0.99501
0.0590875
0.995683
0.00259055
0.00791654
0.00443567
0.0691257
0.867722
0.019966
0.993639
0.757939
0.984131
0.902881
0.991792
0.081003
0.993286
0.792977
0.00321659
0.980674
0.00839197
0.00439958
0.996147
0.939281
0.00560354
0.988134
0.0117851
0.00259706
0.0261301
0.996449
0.00424937
0.0171475
0.994938
0.00262042
0.9776
0.00265966
0.0060483
0.0408948
0.99502
0.00277621
0.00269466
0.322759
0.571595
0.0025912
0.00341545
0.0224928
0.986709
0.0626678
0.996594
0.97026
0.996482
0.00585368
0.974623
0.0277575
0.00390965
0.996271
0.0208836
0.996592
0.00357924
0.992592
0.996449
0.993952
0.99623
0.992654
0.971093
0.971097
0.0128782
0.483125
0.014185
0.0126352
0.00984136
0.0203861
0.00281327
0.996312
0.996535
0.117793
0.00362701
0.994841
0.978462
0.00274141
0.142799
0.964705
0.941422
0.00466268
0.927389
0.993646
0.994762
0.994583
0.992571
0.982144
0.984793
0.00281565
0.996326
0.5167
0.993298
0.639799
0.082912
0.00469627
0.965826
0.731069
0.996245
0.184715
0.00288753
0.638293
0.993607
0.996139
0.990223
0.994234
0.00308677
0.00288125
0.00412632
0.984199
0.996005
0.102883
0.00264802
0.0298356
0.00346437
0.936846
0.97629
0.00383638
0.0052329
0.99662
0.00258635
0.00353423
0.0067553
0.00297549
0.954257
0.290119
0.892784
0.99658
0.498368
0.995139
0.00793184
0.949133
0.978883
0.966969
0.00350139
0.987423
0.0026767
0.00515257
0.973267
0.139642
0.00315423
0.577524
0.994411
0.994057
0.592388
0.990621
0.0855913
0.991503
0.996474
0.00305199
0.992854
0.00321281
0.282727
0.996382
0.00318725
0.303817
0.977786
0.00265325
0.994824
0.00364397
0.991439
0.00654911
0.97751
0.994278
0.0171532
0.0072355
0.991182
0.992706
0.00271571
0.00270877
0.0199187
0.00270822
0.995815
0.027416
0.00274561
0.00283447
0.73025
0.00321297
0.078811
0.00283815
0.995957
0.665556
0.991504
0.0110704
0.00486156
0.0340784
0.569149
0.910037
0.967596
0.996402
0.0032372
0.00781051
0.00259863
0.96753
0.00297826
0.935552
0.0104416
0.99364
0.139435
0.993378
0.876347
0.0026528
0.00262788
0.990587
0.991954
0.00279303
0.00351742
0.00279755
0.970927
0.978181
0.00507965
0.996633
0.984139
0.306166
0.993397
0.966012
0.992657
0.0257081
0.00337364
0.00269305
0.0234384
0.00383453
0.972177
0.00323958
0.0026061
0.987896
0.237032
0.995063
0.941263
0.00278949
0.918287
0.00293572
0.0314254
0.848827
0.00278116
0.968081
0.0342746
0.815943
0.0034399
0.996182
0.995416
0.975557
0.057132
0.949283
0.338461
0.0358719
0.00267737
0.662583
0.996335
0.932983
0.00259093
0.797157
0.993889
0.983758
0.989176
0.989758
0.00306717
0.996162
0.992735
0.98613
0.208415
0.0347366
0.455038
0.996506
0.0984554
0.00578252
0.923467
0.0234429
0.96845
0.0195445
0.992818
0.100239
0.698056
0.995354
0.88888
0.94326
0.45965
0.0703896
0.913068
0.988672
0.996302
0.905411
0.00279544
0.996148
0.00413577
0.996555
0.00304663
0.00306976
0.996576
0.00373739
0.347523
0.990506
0.985118
0.208088
0.00938029
0.995963
0.745221
0.996274
0.00388632
0.996019
0.995273
0.955884
0.996673
0.995094
0.0317876
0.985857
0.994499
0.994494
0.994381
0.526436
0.996678
0.00997972
0.00258394
0.963558
0.979486
0.0057102
0.0029238
0.0028621
0.00315441
0.996641
0.0127729
0.995501
0.00273455
0.00300827
0.0113922
0.948061
0.992398
0.493167
0.0990567
0.996646
0.99564
0.00259038
0.00851095
0.00261608
0.852992
0.957972
0.979126
0.969102
0.952568
0.00311056
0.996173
0.544734
0.996579
0.988131
0.00272003
0.996679
0.984098
0.708999
0.00511339
0.00296023
0.9939
0.00368334
0.468141
0.970878
0.0753512
0.984615
0.946233
0.625043
0.00270592
0.994906
0.495576
0.00424312
0.996518
0.827023
0.996189
0.992559
0.992523
0.00374464
0.99582
0.994053
0.00527216
0.00524007
0.00300078
0.00557656
0.995998
0.00864952
0.996647
0.00311509
0.940412
0.0709214
0.0448311
0.681226
0.00781166
0.06039
0.729322
0.991281
0.859
0.00262316
0.00864811
0.0487467
0.985256
0.193587
0.00382634
0.276493
0.993468
0.944273
0.00269727
0.290515
0.995851
0.872944
0.00265989
0.768767
0.0173004
0.995039
0.99272
0.971939
0.00260925
0.965981
0.992454
0.101796
0.993463
0.937455
0.919522
0.0317352
0.992309
0.996403
0.00278474
0.995952
0.994932
0.901315
0.00673641
0.525559
0.298131
0.00259829
0.00309059
0.994719
0.996039
0.995275
0.996398
0.00740601
0.904162
0.00268034
0.00318197
0.0163418
0.99187
0.635879
0.982989
0.0026076
0.00416341
0.00365773
0.996376
0.898729
0.0129916
0.993173
0.00280439
0.605634
0.98564
0.927995
0.00434033
0.99384
0.00299446
0.00295532
0.996583
0.993734
0.938717
0.141847
0.996006
0.00653929
0.990674
0.0885786
0.996657
0.993648
0.17121
0.0407895
0.00267356
0.996584
0.984505
0.931944
0.996667
0.988608
0.642492
0.984688
0.00263085
0.05158
0.979188
0.996593
0.0037186
0.00548758
0.966191
0.947528
0.00274061
0.996506
0.973947
0.981981
0.00280606
0.994664
0.990725
0.287051
0.00294269
0.995699
0.00258915
0.830307
0.986626
0.41723
0.125149
0.80745
0.0194017
0.217082
0.0227671
0.716105
0.994992
0.847787
0.0322246
0.884287
0.0652735
0.0103597
0.969077
0.766376
0.993031
0.00410111
0.989172
0.683952
0.00366351
0.828696
0.0533752
0.117677
0.985543
0.980624
0.359333
0.992242
0.12171
0.19414
0.291749
0.0812052
0.993451
0.994616
0.786416
0.337341
0.950432
0.994229
0.00263666
0.909445
0.942403
0.985239
0.00269334
0.00264076
0.992295
0.992884
0.993059
0.967703
0.974109
0.00951713
0.00939932
0.0033657
0.00373494
0.00502421
0.993299
0.7216
0.795847
0.977297
0.996486
0.002924
0.996473
0.973241
0.00258417
0.0028321
0.00290145
0.967421
0.0286367
0.989395
0.011236
0.944434
0.983881
0.00372561
0.00437611
0.994067
0.995451
0.995887
0.985189
0.138555
0.00360167
0.994916
0.019955
0.00384505
0.018136
0.996006
0.784072
0.00410743
0.987812
0.0543023
0.714966
0.00288605
0.491923
0.423568
0.987396
0.00529169
0.201126
0.990063
0.995783
0.0175449
0.00258815
0.986203
0.00259496
0.00802707
0.0439541
0.0107116
0.174516
0.00290278
0.3445
0.00260449
0.990236
0.191517
0.0559619
0.873589
0.182288
0.995644
0.0026351
0.99585
0.995491
0.813406
0.161767
0.996567
0.593536
0.983198
0.971744
0.185723
0.996196
0.995442
0.134101
0.9168
0.00343806
0.180002
0.260952
0.965862
0.989423
0.994979
0.486862
0.995653
0.916253
0.989709
0.356601
0.995816
0.00273973
0.00344042
0.002779
0.979034
0.0027816
0.931746
0.929562
0.00263138
0.00272315
0.996583
0.00261944
0.200605
0.0159379
0.995857
0.0163551
0.252821
0.992259
0.996099
0.0026679
0.00516195
0.701682
0.899095
0.980466
0.02184
0.988949
0.184246
0.00263685
0.00926092
0.991298
0.227361
0.761687
0.00270139
0.841514
0.993064
0.995535
0.984099
0.634394
0.995826
0.989559
0.986778
0.0040171
0.996676
0.985953
0.0940651
0.854072
0.976363
0.00270011
0.910127
0.994345
0.00903163
0.0546468
0.829585
0.553365
0.00318759
0.00266276
0.00442614
0.049187
0.00687674
0.00365003
0.00540525
0.0738201
0.989041
0.996071
0.996132
0.00321877
0.894151
0.246905
0.00274557
0.00267169
0.617722
0.854249
0.323825
0.995686
0.0221084
0.995845
0.101335
0.730815
0.980055
0.00506036
0.871662
0.993414
0.991853
0.839414
0.103361
0.995683
0.00523148
0.985815
0.57813
0.050488
0.13472
0.0026097
0.994838
0.99665
0.00541219
0.994253
0.739588
0.234062
0.444117
0.0040061
0.992057
0.00258866
0.995147
0.00262786
0.0733411
0.302808
0.405044
0.171388
0.993707
0.898759
0.995717
0.994175
0.986596
0.440699
0.0184659
0.00345316
0.016736
0.995806
0.975822
0.0161878
0.035736
0.0131069
0.00323247
0.980151
0.9727
0.990654
0.0131642
0.0823127
0.00942768
0.33739
0.109339
0.00320425
0.934359
0.97696
0.993746
0.993901
0.0068134
0.994963
0.656675
0.002753
0.873104
0.305667
0.99461
0.96462
0.00359733
0.288259
0.996073
0.984819
0.0025971
0.0102308
0.279717
0.941512
0.779212
0.651748
0.965574
0.00324657
0.003679
0.971185
0.675711
0.954352
0.878728
0.996124
0.996105
0.996631
0.00286644
0.861018
0.0901887
0.382166
0.996287
0.0143087
0.946254
0.99247
0.981741
0.00326835
0.995974
0.994499
0.985289
0.996415
0.871265
0.653652
0.00425109
0.90317
0.00263723
0.987485
0.995567
0.0897812
0.993053
0.995037
0.00365531
0.00258798
0.00374969
0.00271084
0.78276
0.985174
0.00721188
0.00855905
0.0824019
0.0207435
0.00359456
0.156544
0.743049
0.00317599
0.99612
0.925161
0.00306331
0.0981709
0.00378013
0.993834
0.00457728
0.00363001
0.99657
0.0057607
0.994222
0.989763
0.205568
0.98632
0.0356695
0.624966
0.990739
0.714035
0.996496
0.996348
0.00567463
0.9515
0.00580059
0.00370006
0.994547
0.00296131
0.0838908
0.00549279
0.995145
0.00273448
0.0139628
0.994612
0.00435228
0.932669
0.00273412
0.00853344
0.00280737
0.928755
0.213793
0.996143
0.00452757
0.995809
0.369162
0.29812
0.327884
0.981386
0.0036441
0.99324
0.197834
0.0031313
0.996149
0.239625
0.0948922
0.0133204
0.871105
0.00284606
0.00425779
0.486951
0.00509065
0.996377
0.99621
0.00357685
0.00367739
0.995525
0.995088
0.996397
0.00429921
0.946157
0.715485
0.365138
0.9961
0.232464
0.00672006
0.249115
0.995666
0.028365
0.0223761
0.0027484
0.994058
0.0137806
0.991667
0.264238
0.996116
0.886503
0.133029
0.944657
0.775476
0.968914
0.00862456
0.995451
0.0488111
0.882468
0.402966
0.0119861
0.794699
0.00337353
0.00321358
0.996628
0.968493
0.99587
0.996175
0.71045
0.995476
0.00342876
0.0799832
0.0179996
0.996136
0.00366113
0.00293823
0.00330443
0.450504
0.960419
0.992085
0.0053242
0.996236
0.0292173
0.828438
0.987831
0.00297816
0.99635
0.0026555
0.996436
0.580012
0.00560046
0.851123
0.00271451
0.00567013
0.996397
0.996196
0.964038
0.996547
0.995779
0.886268
0.996586
0.00260136
0.0732512
0.00650497
0.994053
0.119215
0.995227
0.717301
0.00276507
0.966047
0.977357
0.00667899
0.99437
0.00325487
0.990636
0.14974
0.995896
0.984416
0.941645
0.624773
0.00269684
0.94044
0.0140475
0.0027889
0.992282
0.00282426
0.00282858
0.989629
0.996242
0.995898
0.00435756
0.0249146
0.996569
0.00795615
0.408613
0.6706
0.005134
0.974734
0.401919
0.0193151
0.00359378
0.206722
0.996172
0.296048
0.752502
0.00261695
0.00466011
0.815274
0.873442
0.995361
0.0163543
0.117984
0.996592
0.57396
0.00406834
0.996405
0.548648
0.00282396
0.0038552
0.98037
0.979928
0.00948392
0.986364
0.996571
0.00296558
0.00287984
0.995126
0.0952359
0.947205
0.994235
0.00383026
0.682513
0.981359
0.00462425
0.00262835
0.00462222
0.994135
0.995126
0.995264
0.00502298
0.996662
0.883491
0.944623
0.965068
0.994266
0.969496
0.00262809
0.660008
0.0341085
0.00740373
0.989209
0.995474
0.152104
0.011053
0.996563
0.9935
0.00666977
0.992607
0.126662
0.00260263
0.00489552
0.0101231
0.964735
0.912323
0.0122073
0.68087
0.00422473
0.99648
0.00258429
0.99653
0.995281
0.0754828
0.980702
0.0383171
0.994288
0.995724
0.0684237
0.995074
0.995443
0.996543
0.980473
0.00258677
0.970344
0.535251
0.995992
0.996396
0.209731
0.010647
0.002704
0.00491506
0.150611
0.00446631
0.00260818
0.00258575
0.988982
0.00325065
0.954898
0.26306
0.468462
0.0462216
0.00270366
0.740205
0.875548
0.896118
0.402892
0.00790766
0.00344255
0.306438
0.991567
0.00310925
0.992171
0.996011
0.00318273
0.0102479
0.979418
0.996248
0.00338993
0.996065
0.167506
0.00272413
0.0160667
0.985875
0.991755
0.995841
0.996275
0.994474
0.973533
0.00489166
0.00268909
0.988395
0.00288511
0.351014
0.0506745
0.995109
0.995421
0.0338906
0.00298763
0.99218
0.00260827
0.160134
0.00515705
0.00269203
0.00275715
0.994949
0.996056
0.00291041
0.250762
0.995247
0.741704
0.00259604
0.991398
0.0263899
0.961423
0.00291475
0.00261328
0.996382
0.00581628
0.991123
0.0925042
0.00564016
0.00677672
0.996648
0.00290296
0.449233
0.990731
0.990289
0.993811
0.00271405
0.985189
0.995968
0.0299049
0.491981
0.0433203
0.0490094
0.0214244
0.00542348
0.996481
0.031369
0.991917
0.00434984
0.996244
0.00357324
0.28558
0.272181
0.996183
0.995936
0.393055
0.995117
0.98705
0.0106575
0.97046
0.365444
0.995877
0.98659
0.00280542
0.995589
0.996013
0.993082
0.996499
0.628339
0.996648
0.116917
0.995383
0.956219
0.918224
0.0034651
0.00261285
0.991739
0.0120922
0.811484
0.0179656
0.234256
0.00329147
0.986933
0.169584
0.752963
0.00320175
0.994078
0.378095
0.00260323
0.983385
0.996103
0.981644
0.995966
0.0321135
0.986119
0.00260257
0.983524
0.00274528
0.996405
0.3612
0.977686
0.995888
0.995587
0.974405
0.993497
0.00397645
0.00504354
0.0529736
0.902309
0.00987356
0.0405612
0.868344
0.996286
0.981502
0.996527
0.994934
0.925192
0.398994
0.985153
0.00282182
0.99665
0.00528419
0.984611
0.00431773
0.00313487
0.0101696
0.977734
0.654042
0.995536
0.571652
0.956117
0.00457474
0.990333
0.623454
0.366438
0.995918
0.995723
0.340176
0.00582363
0.0137466
0.996067
0.993683
0.00345444
0.00450383
0.00262009
0.990633
0.996562
0.989196
0.0186079
0.995536
0.993869
0.98887
0.0031594
0.0574746
0.00968136
0.909648
0.994788
0.99615
0.0031996
0.926702
0.0445583
0.996549
0.109392
0.991159
0.885276
0.00272854
0.996514
0.00329929
0.988431
0.050115
0.965769
0.00415304
0.830077
0.992727
0.995834
0.989325
0.977
0.993766
0.00275806
0.737556
0.993253
0.913237
0.996482
0.00321803
0.431377
0.00675646
0.00260958
0.0145711
0.00287789
0.995379
0.89964
0.00283693
0.991588
0.00258787
0.00313539
0.661993
0.762857
0.993034
0.756915
0.996677
0.996054
0.00458369
0.918178
0.0602054
0.0380757
0.996391
0.24526
0.138511
0.00393575
0.00275946
0.0115627
0.990446
0.0121823
0.00259827
0.00448055
0.0029602
0.996469
0.00335803
0.994504
0.942126
0.641699
0.942821
0.582177
0.00361141
0.99582
0.00269321
0.479078
0.992744
0.00490824
0.9963
0.0299457
0.989634
0.00500255
0.013152
0.99662
0.244465
0.00575201
0.00300808
0.00521947
0.984863
0.958194
0.00275245
0.996476
0.860293
0.99072
0.990656
0.00263246
0.977627
0.981315
0.00258406
0.969197
0.00264707
0.0646525
0.0387597
0.90552
0.00282426
0.994305
0.00481606
0.495165
0.770152
0.0139894
0.00365392
0.978262
0.0159786
0.00299899
0.779271
0.00328813
0.0133285
0.00460603
0.188327
0.995448
0.0027842
0.803243
0.989544
0.984063
0.991555
0.946002
0.894059
0.639816
0.99308
0.502078
0.419255
0.995481
0.994915
0.913207
0.865374
0.00289225
0.56894
0.00269578
0.991224
0.167298
0.00258399
0.00324719
0.181032
0.991588
0.853505
0.0142354
0.995576
0.978367
0.00267091
0.116634
0.00260253
0.977194
0.994396
0.0316699
0.995898
0.994312
0.995727
0.86716
0.995931
0.994879
0.0110743
0.0152068
0.986062
0.995911
0.986125
0.166897
0.327
0.0898481
0.987321
0.984275
0.69198
0.987003
0.996635
0.991266
0.70033
0.996662
0.992968
0.944814
0.0028089
0.00342102
0.0171239
0.0103035
0.995574
0.840521
0.0336561
0.00377472
0.99464
0.960935
0.0641886
0.00406691
0.959932
0.996433
0.832112
0.0290294
0.964433
0.00609553
0.0025846
0.996395
0.00272896
0.996363
0.630473
0.295284
0.0255022
0.129418
0.981469
0.996176
0.991804
0.176471
0.996302
0.977667
0.25862
0.00309868
0.0026293
0.621169
0.995357
0.996075
0.996426
0.0220972
0.983523
0.985063
0.983575
0.931321
0.996426
0.00294761
0.00744124
0.875648
0.996636
0.996465
0.00258404
0.995008
0.00352011
0.995333
0.00264334
0.0141853
0.926983
0.00612958
0.00277223
0.647243
0.00300331
0.00275209
0.246405
0.640499
0.996525
0.00469605
0.986899
0.995675
0.972204
0.995403
0.996612
0.0652163
0.00258622
0.00528954
0.994912
0.827764
0.966165
0.00259203
0.00577484
0.00310768
0.00377904
0.00402795
0.036775
0.00669676
0.00321747
0.0233223
0.926301
0.00262312
0.996447
0.00341661
0.00343874
0.994227
0.776257
0.994261
0.0835493
0.946785
0.996103
0.00316515
0.0081348
0.990606
0.988145
0.00671792
0.00311675
0.00457728
0.988851
0.00284106
0.321668
0.868845
0.0109427
0.00559201
0.00281116
0.186
0.995572
0.00281733
0.026385
0.00262966
0.0076431
0.0759301
0.0025857
0.00501404
0.995827
0.992912
0.990987
0.992546
0.214111
0.025218
0.340271
0.996202
0.00279333
0.996272
0.718496
0.0141532
0.307647
0.0202953
0.015643
0.990556
0.973244
0.801601
0.80508
0.996604
0.97694
0.991084
0.00271996
0.936489
0.978489
0.996253
0.0176355
0.996637
0.767163
0.789497
0.99215
0.00716939
0.986398
0.664134
0.996666
0.97165
0.99644
0.994777
0.0127361
0.00261188
0.0033371
0.996543
0.495576
0.00316449
0.00339452
0.00283052
0.00443433
0.124212
0.555616
0.996534
0.982282
0.99562
0.397572
0.9966
0.853065
0.984921
0.96947
0.894101
0.865839
0.992289
0.873957
0.024099
0.0192049
0.00434133
0.00364818
0.990397
0.00577449
0.00662877
0.0149549
0.202939
0.00784593
0.00294696
0.994179
0.00615736
0.0459315
0.993729
0.00323315
0.9944
0.00262288
0.995565
0.996335
0.0164767
0.00284724
0.00974586
0.00260818
0.00731235
0.992926
0.316074
0.968777
0.0279549
0.0044196
0.842017
0.0169572
0.996401
0.00261459
0.104751
0.960922
0.00515928
0.0187802
0.00319716
0.00258539
0.994813
0.996655
0.55509
0.00267651
0.0265878
0.873094
0.647107
0.204112
0.990415
0.00415333
0.00391604
0.258817
0.995092
0.317062
0.994479
0.993511
0.99158
0.94454
0.0426417
0.996606
0.0837592
0.91344
0.00567911
0.57876
0.974055
0.0157237
0.254384
0.988334
0.00258562
0.923125
0.00340281
0.996257
0.00426572
0.091292
0.992216
0.0609983
0.979283
0.983899
0.00311822
0.15524
0.641595
0.139989
0.00260941
0.00626059
0.995292
0.0070223
0.00279876
0.00326612
0.00388774
0.308331
0.118725
0.0889965
0.00537961
0.988677
0.974371
0.982321
0.985719
0.319079
0.0262037
0.00760081
0.236634
0.00271813
0.0029645
0.00531753
0.991422
0.974547
0.921611
0.00289693
0.916589
0.0754539
0.00320959
0.00277454
0.00267834
0.989918
0.995339
0.996528
0.976877
0.0418146
0.994113
0.996098
0.990807
0.988578
0.996496
0.00417285
0.00258783
0.7725
0.990217
0.227478
0.0046882
0.00269619
0.00316334
0.994848
0.00270457
0.961614
0.941387
0.994292
0.0458903
0.935114
0.996577
0.0157444
0.988153
0.00351646
0.162263
0.989827
0.995356
0.00281171
0.00408935
0.00281474
0.989402
0.993264
0.995196
0.0345417
0.99293
0.0031749
0.695333
0.00262436
0.996369
0.0476214
0.199454
0.00265678
0.00506271
0.0877142
0.992958
0.0126551
0.00455991
0.992651
0.00350007
0.0100041
0.960872
0.0327918
0.00328257
0.00295249
0.99631
0.00261769
0.0031489
0.91343
0.0232316
0.876171
0.00291406
0.00259872
0.00316067
0.878108
0.0177918
0.956356
0.0079163
0.0110987
0.996474
0.993985
0.994261
0.993023
0.00259932
0.00264166
0.04602
0.996613
0.0031325
0.996358
0.99606
0.893021
0.449814
0.00355184
0.994974
0.820366
0.0117012
0.964441
0.99394
0.00519254
0.958883
0.58189
0.0027068
0.994447
0.00309148
0.00273959
0.639179
0.0032166
0.995498
0.00816787
0.993767
0.986545
0.0030815
0.00535343
0.0454034
0.979355
0.991147
0.989124
0.99651
0.00290381
0.00259559
0.939106
0.991039
0.0994727
0.0439202
0.989845
0.224058
0.00457743
0.935832
0.0628262
0.00338548
0.987183
0.9966
0.00530846
0.996443
0.994487
0.771782
0.00266269
0.973537
0.00930282
0.0891208
0.996532
0.962169
0.996414
0.00503795
0.99396
0.984407
0.408413
0.996433
0.995384
0.996086
0.990411
0.00296956
0.00258782
0.983302
0.783231
0.311768
0.709422
0.00943012
0.0058885
0.989958
0.807083
0.840755
0.536728
0.943293
0.996551
0.953937
0.988178
0.97924
0.958786
0.00415992
0.0066443
0.00416674
0.976182
0.940681
0.996439
0.986017
0.975209
0.00301905
0.754179
0.0543298
0.913354
0.0329871
0.0027883
0.483403
0.618983
0.00952268
0.545193
0.99658
0.0213714
0.128875
0.0126227
0.0388793
0.993429
0.223174
0.988366
0.979784
0.00316665
0.119381
0.00311635
0.996677
0.00350801
0.00303204
0.397296
0.00260143
0.991967
0.831559
0.991594
0.00347042
0.884113
0.9387
0.00666391
0.993808
0.986311
0.00392246
0.00275893
0.0335758
0.187392
0.996653
0.991974
0.00766665
0.994641
0.981216
0.327013
0.409515
0.0133522
0.00352421
0.989373
0.996486
0.00278173
0.0392542
0.994263
0.979052
0.96777
0.00577007
0.00289825
0.00316952
0.791117
0.021351
0.00477186
0.991
0.97668
0.996553
0.00274614
0.00648479
0.00823922
0.280616
0.607474
0.00378759
0.00277595
0.0670378
0.986365
0.00297679
0.995185
0.978496
0.351396
0.0171748
0.0148289
0.00607751
0.99539
0.96157
0.985864
0.0128627
0.00692043
0.00290318
0.994205
0.973121
0.0107808
0.00339095
0.00358525
0.996289
0.614449
0.0135258
0.0160628
0.0620013
0.994728
0.26126
0.00274479
0.0119266
0.955788
0.00325431
0.304427
0.121065
0.693504
0.727421
0.995264
0.221993
0.995929
0.0429772
0.188714
0.982196
0.00745168
0.676091
0.996053
0.00272846
0.00523191
0.32865
0.503716
0.974522
0.99536
0.0341715
0.671723
0.0277058
0.99472
0.960676
0.00260178
0.996438
0.994994
0.996469
0.953729
0.403532
0.986924
0.132764
0.97948
0.995498
0.989155
0.196435
0.996087
0.00754701
0.0263457
0.422873
0.967992
0.995304
0.00626389
0.993654
0.872694
0.992667
0.00384737
0.159236
0.00260039
0.888419
0.00260268
0.996667
0.798636
0.00549212
0.956632
0.00290862
0.0341796
0.00381584
0.00625508
0.0398372
0.00351047
0.00474141
0.996341
0.983169
0.0527605
0.972893
0.00283526
0.676669
0.980669
0.996169
0.865324
0.0200196
0.993254
0.00269531
0.995371
0.00268911
0.947546
0.991607
0.0025858
0.986499
0.989151
0.00370281
0.995278
0.986336
0.0298966
0.996241
0.00897215
0.971213
0.88329
0.994982
0.995249
0.686659
0.00419246
0.995503
0.973476
0.996519
0.975724
0.980928
0.00260449
0.310037
0.247014
0.00708065
0.00258446
0.431257
0.99547
0.920242
0.610762
0.994932
0.00356002
0.983569
0.143506
0.0639524
0.00259094
0.00296759
0.996415
0.00504124
0.996459
0.981909
0.00331094
0.0076256
0.968499
0.0602143
0.675509
0.976053
0.0116721
0.996246
0.99523
0.0028197
0.986345
0.00272215
0.993008
0.993967
0.349155
0.00891208
0.532733
0.995704
0.991466
0.99627
0.944836
0.827695
0.794579
0.201011
0.00502918
0.812572
0.926714
0.0384686
0.996437
0.239638
0.986353
0.00396662
0.0443772
0.989821
0.995365
0.00552393
0.989719
0.99042
0.00347673
0.00331161
0.503501
0.995288
0.97338
0.110661
0.00620833
0.991116
0.00746671
0.00770493
0.977973
0.996231
0.0229575
0.98555
0.996429
0.9927
0.926944
0.0103159
0.980405
0.182588
0.443713
0.241343
0.0073686
0.960123
0.995165
0.00260966
0.934449
0.00261511
0.994081
0.995222
0.078328
0.995469
0.983508
0.934625
0.966672
0.945902
0.996296
0.897475
0.485054
0.0161591
0.00272083
0.992154
0.987862
0.992382
0.0072667
0.977877
0.00551894
0.15131
0.0026453
0.995479
0.919953
0.99624
0.164634
0.980839
0.00847349
0.996651
0.0029453
0.994165
0.995946
0.992382
0.996289
0.00659058
0.995538
0.970346
0.0845235
0.995414
0.996509
0.00792287
0.00622582
0.00340426
0.994817
0.00438734
0.00435691
0.996458
0.976658
0.040519
0.996605
0.00258454
0.992504
0.985075
0.00965373
0.992108
0.996011
0.956023
0.00851867
0.980742
0.66557
0.0191941
0.957948
0.996427
0.8952
0.00269883
0.745281
0.995077
0.105279
0.538585
0.00307857
0.00474452
0.99648
0.00542038
0.989974
0.932565
0.943595
0.379089
0.996305
0.995491
0.909494
0.973288
0.0959428
0.0129802
0.99247
0.996421
0.996001
0.14123
0.0835793
0.620494
0.980065
0.976408
0.931277
0.104717
0.933819
0.0769188
0.992331
0.0101833
0.00519761
0.846277
0.99562
0.90184
0.9918
0.00403909
0.117965
0.00626935
0.993229
0.995805
0.857176
0.0361677
0.0612187
0.00263739
0.996582
0.00410529
0.986928
0.043103
0.00276631
0.00955722
0.899241
0.00748032
0.957546
0.00276912
0.738949
0.00513077
0.994609
0.996289
0.990648
0.0517256
0.0933567
0.00500546
0.0183308
0.990561
0.993511
0.00307359
0.0109799
0.708446
0.059883
0.714547
0.996009
0.0234667
0.663255
0.00262003
0.586701
0.993996
0.991628
0.378976
0.00289834
0.973651
0.00406715
0.995181
0.991438
0.97469
0.00372087
0.0149602
0.0163673
0.211102
0.995906
0.766799
0.995903
0.996082
0.984425
0.996434
0.00260654
0.00832938
0.973776
0.00273936
0.318679
0.00429511
0.996647
0.980165
0.311084
0.00606975
0.762365
0.568412
0.996351
0.991993
0.784616
0.013273
0.00292811
0.900692
0.994693
0.972631
0.703156
0.00394637
0.00258795
0.00630088
0.954482
0.996512
0.00311749
0.996655
0.971564
0.00273874
0.97213
0.886021
0.00259011
0.00386703
0.996133
0.947569
0.0844946
0.996354
0.00320714
0.995384
0.00323664
0.00415677
0.996597
0.00377563
0.0178736
0.993478
0.777673
0.0139973
0.989547
0.0196402
0.393086
0.0164674
0.756723
0.95953
0.00284038
0.996581
0.693589
0.00653875
0.00297683
0.935595
0.00261934
0.00267748
0.344518
0.00284472
0.978148
0.979893
0.962186
0.0432856
0.0664416
0.996452
0.00504031
0.917811
0.995688
0.271567
0.00834002
0.996522
0.00962543
0.920048
0.00263734
0.918492
0.995691
0.981055
0.562313
0.188055
0.00365554
0.00622851
0.966605
0.0103697
0.995751
0.0154502
0.0171028
0.0169794
0.00677485
0.00638056
0.848032
0.0180997
0.977956
0.990935
0.584318
0.0678721
0.849811
0.996583
0.975147
0.994724
0.991365
0.0029258
0.995989
0.00373661
0.00325994
0.00260592
0.237855
0.987951
0.149255
0.989403
0.996074
0.00403215
0.996621
0.0104241
0.986007
0.735675
0.00389192
0.0429301
0.996287
0.00261222
0.993433
0.845813
0.00668434
0.883586
0.00674561
0.985586
0.00511362
0.967672
0.00577867
0.965472
0.0098023
0.00281102
0.361065
0.567617
0.230338
0.00300433
0.0267523
0.00270025
0.991146
0.00264405
0.0215404
0.152147
0.717354
0.0111192
0.983788
0.994996
0.991265
0.0090461
0.0175929
0.00266733
0.819422
0.946481
0.0138476
0.0943112
0.951938
0.994881
0.0045939
0.606726
0.99628
0.813948
0.996094
0.996495
0.877855
0.0077496
0.909442
0.988299
0.995023
0.996248
0.114013
0.987941
0.0703347
0.52642
0.00428218
0.992625
0.996142
0.996639
0.995746
0.996677
0.0139586
0.00423746
0.785655
0.00362873
0.0641822
0.980296
0.241606
0.00270753
0.0108817
0.0600184
0.986199
0.964499
0.00271004
0.00259127
0.984083
0.898906
0.996677
0.747312
0.993591
0.829574
0.0185851
0.0089095
0.906218
0.00395547
0.515924
0.99201
0.0181819
0.993447
0.987486
0.996535
0.00907091
0.996678
0.996625
0.00287198
0.00288514
0.961827
0.0028805
0.0347649
0.00266707
0.00441839
0.994839
0.0227059
0.636069
0.977395
0.988397
0.995878
0.976306
0.00330144
0.944677
0.0162078
0.994828
0.175472
0.0146334
0.996525
0.357963
0.996385
0.996675
0.044035
0.00463825
0.424141
0.994942
0.00749221
0.994438
0.039706
0.00296519
0.112555
0.00323757
0.0084823
0.995061
0.0122407
0.00750327
0.0645098
0.00258558
0.427536
0.995922
0.996267
0.967816
0.935472
0.00359201
0.0846156
0.244523
0.984859
0.279897
0.99413
0.469263
0.995276
0.00529995
0.171114
0.16927
0.003109
0.956772
0.677751
0.975409
0.996374
0.98138
0.996395
0.00567856
0.996422
0.00785797
0.957391
0.00263924
0.698548
0.996271
0.982276
0.00886433
0.340847
0.0305707
0.0523493
0.970883
0.99562
0.0157607
0.00276881
0.996548
0.525875
0.0574692
0.00285977
0.0265072
0.620847
0.992186
0.00348218
0.054
0.00281994
0.00552317
0.99612
0.00582475
0.919692
0.99639
0.991315
0.00268111
0.0709689
0.0111161
0.0312765
0.00259691
0.00262946
0.0324284
0.018117
0.019616
0.99412
0.99653
0.986907
0.941027
0.186865
0.858254
0.99652
0.996507
0.995823
0.353272
0.995846
0.00307283
0.00569003
0.570192
0.992893
0.0193568
0.987243
0.996482
0.00359274
0.636165
0.182885
0.0168332
0.996609
0.0025921
0.967473
0.970829
0.20356
0.996584
0.3686
0.00267617
0.995761
0.72657
0.0120302
0.991165
0.0410488
0.687083
0.991845
0.00259004
0.00329449
0.985294
0.0124093
0.995842
0.673448
0.0026278
0.931547
0.00603078
0.996118
0.510107
0.9964
0.0118635
0.992408
0.989985
0.991965
0.980496
0.00380768
0.93426
0.00276557
0.995268
0.992839
0.993534
0.00328252
0.996646
0.996494
0.00369499
0.99588
0.957361
0.683965
0.00643982
0.992683
0.894882
0.986048
0.882776
0.990676
0.814126
0.00291736
0.988403
0.826473
0.52784
0.00560645
0.0532319
0.0367366
0.00259217
0.994881
0.723707
0.00486388
0.519157
0.996021
0.00906973
0.00267459
0.0229175
0.0153469
0.996062
0.996598
0.996355
0.994299
0.00927403
0.974029
0.985635
0.00259276
0.0028417
0.00636747
0.995849
0.622779
0.550196
0.996553
0.00281517
0.992361
0.996384
0.96091
0.398718
0.978056
0.0028575
0.761419
0.00326771
0.0978451
0.974706
0.993542
0.0064423
0.00409752
0.00344307
0.00260098
0.980344
0.0233768
0.537288
0.995481
0.00301924
0.0109444
0.974894
0.424941
0.923491
0.809164
0.173515
0.00357669
0.00960748
0.996631
0.00268541
0.0702517
0.00354542
0.994542
0.00289238
0.909815
0.996379
0.990728
0.989758
0.0241047
0.996448
0.00275303
0.13378
0.426329
0.00300188
0.996642
0.00285613
0.00309503
0.993094
0.983284
0.00722302
0.791142
0.996295
0.00691444
0.996535
0.996017
0.996652
0.995695
0.0805311
0.984663
0.358672
0.00313647
0.374968
0.960692
0.0301584
0.00399174
0.345224
0.0127132
0.00276405
0.831071
0.990005
0.002809
0.996663
0.00469008
0.00845904
0.88094
0.992221
0.987213
0.00277016
0.996287
0.0099773
0.00848555
0.00356178
0.989226
0.996445
0.00603307
0.0364434
0.00833795
0.00258957
0.93279
0.885634
0.93745
0.871246
0.85905
0.994622
0.00259402
0.00433379
0.996543
0.00258994
0.00293447
0.226722
0.991302
0.987984
0.823259
0.531302
0.991769
0.995707
0.0311735
0.0516135
0.976016
0.996042
0.00327045
0.993666
0.0113578
0.00278867
0.995245
0.293843
0.00483579
0.00262528
0.908743
0.993804
0.0195137
0.994901
0.996451
0.125131
0.00272091
0.993981
0.149261
0.996302
0.703061
0.647203
0.994113
0.0157449
0.00392852
0.702155
0.696086
0.995198
0.00660778
0.00262658
0.00266142
0.972348
0.509662
0.991559
0.984334
0.00398263
0.995741
0.993367
0.992382
0.996399
0.97165
0.977273
0.996543
0.628809
0.00639966
0.0380419
0.00282994
0.00600878
0.991496
0.0113172
0.013639
0.981151
0.844878
0.987214
0.00807931
0.99566
0.995248
0.99619
0.961334
0.995625
0.994201
0.0813295
0.00259009
0.978702
0.00392225
0.0142808
0.99639
0.927086
0.0980995
0.996258
0.996662
0.00497169
0.0684559
0.959328
0.996481
0.162088
0.23379
0.00846313
0.00326764
0.00273115
0.983685
0.994876
0.0128929
0.994148
0.00416
0.992716
0.708992
0.602137
0.990642
0.99086
0.657999
0.00391779
0.478548
0.0461606
0.996374
0.996083
0.995954
0.996223
0.0210726
0.00732315
0.00297466
0.00562234
0.996067
0.994979
0.991997
0.992901
0.020777
0.00259164
0.996322
0.996345
0.0262364
0.80648
0.00340907
0.99533
0.580531
0.0163195
0.990831
0.972349
0.994662
0.937698
0.572827
0.99667
0.994817
0.00364362
0.994795
0.923533
0.016275
0.9963
0.100287
0.959125
0.986022
0.991774
0.00555479
0.00373684
0.00273703
0.963402
0.281387
0.0978217
0.842488
0.996528
0.993642
0.00339526
0.167456
0.649177
0.0141715
0.003058
0.0183484
0.993133
0.985891
0.994477
0.985999
0.988619
0.00611747
0.961097
0.995649
0.994176
0.473755
0.964988
0.0060238
0.00315475
0.995525
0.975052
0.936263
0.00297756
0.756392
0.223882
0.00309463
0.00536329
0.00666622
0.996433
0.992299
0.332026
0.00364382
0.00258589
0.996514
0.00362372
0.995288
0.902898
0.926857
0.938507
0.00317117
0.0109127
0.974003
0.992283
0.991997
0.0211343
0.00312943
0.00287849
0.996487
0.0149537
0.00300745
0.979067
0.00326377
0.0375174
0.992052
0.996589
0.155097
0.0028187
0.00318212
0.978067
0.996329
0.983559
0.201552
0.995831
0.00260442
0.653714
0.33028
0.00263689
0.820061
0.744641
0.99494
0.819284
0.0801224
0.557937
0.9678
0.995269
0.00319648
0.00664914
0.990088
0.00321382
0.00519596
0.0144621
0.00314541
0.996452
0.97812
0.0119556
0.975797
0.996647
0.0260726
0.118084
0.0105208
0.106477
0.266439
0.00329844
0.996657
0.279798
0.00617267
0.752795
0.00338455
0.016397
0.991583
0.974381
0.993292
0.906493
0.00958681
0.0080674
0.985215
0.968786
0.370737
0.00752417
0.0180391
0.00665007
0.986905
0.0262297
0.00417018
0.982841
0.996628
0.426317
0.0194929
0.992615
0.996118
0.981468
0.00312549
0.00291941
0.00408062
0.988362
0.92391
0.967464
0.00344082
0.975822
0.17464
0.00399934
0.996241
0.00793556
0.996286
0.994783
0.995281
0.980799
0.914862
0.00263786
0.0234318
0.490524
0.0138598
0.00315988
0.08291
0.0573441
0.0235657
0.995703
0.112777
0.950866
0.0055278
0.960429
0.98293
0.00271243
0.00382055
0.974037
0.994877
0.994827
0.00382658
0.889877
0.99572
0.949172
0.995845
0.00262734
0.996307
0.597937
0.972794
0.00395443
0.00551635
0.99447
0.00423753
0.00265517
0.669072
0.996226
0.996659
0.995879
0.00309986
0.105282
0.83102
0.0386856
0.911574
0.00604074
0.00259737
0.0113961
0.996481
0.994891
0.995414
0.913655
0.996279
0.995513
0.00363813
0.996637
0.995204
0.983027
0.00288537
0.0104552
0.0210977
0.99638
0.995041
0.00258476
0.00273976
0.993394
0.00376384
0.00272874
0.991203
0.904731
0.00413203
0.994433
0.988841
0.880649
0.996427
0.993498
0.312853
0.996278
0.00507427
0.037686
0.0119987
0.989906
0.00311983
0.283295
0.993679
0.995127
0.00388496
0.995149
0.993933
0.993587
0.002593
0.996515
0.992223
0.497329
0.705436
0.613365
0.908877
0.99667
0.456237
0.995709
0.0165501
0.0359058
0.995344
0.00858273
0.00387718
0.97472
0.994925
0.00385285
0.995929
0.598203
0.204268
0.996079
0.0112601
0.996555
0.00400302
0.00258457
0.982389
0.996459
0.994769
0.996111
0.995889
0.995565
0.992172
0.201886
0.978481
0.00262534
0.00334599
0.00262153
0.996205
0.645052
0.994772
0.966475
0.667581
0.00341548
0.645252
0.00481257
0.990987
0.996596
0.893796
0.994729
0.611296
0.994391
0.00395969
0.875495
0.00481739
0.710037
0.111048
0.0055164
0.092707
0.00513703
0.465273
0.99569
0.991696
0.753144
0.277684
0.473784
0.928899
0.0300783
0.991864
0.0036358
0.99654
0.99382
0.502367
0.00550154
0.993777
0.0394103
0.914202
0.00545981
0.00491544
0.00287275
0.996501
0.994115
0.00265022
0.994015
0.00263118
0.899668
0.332151
0.996122
0.167227
0.00259122
0.980707
0.00308008
0.993812
0.994327
0.00423511
0.995225
0.00383246
0.996283
0.208765
0.0056834
0.138405
0.960141
0.00333809
0.992513
0.99647
0.00344852
0.355175
0.00258532
0.582176
0.99265
0.987891
0.832334
0.983286
0.00322883
0.00273575
0.928161
0.00286822
0.475167
0.00275674
0.0172237
0.00958012
0.991612
0.970013
0.800969
0.995765
0.00280123
0.938989
0.00949001
0.00276031
0.00534042
0.00264357
0.00601848
0.00288077
0.0214133
0.795779
0.00275281
0.0254824
0.238393
0.993205
0.986651
0.981561
0.0519773
0.996243
0.00259688
0.991346
0.996438
0.996454
0.00281335
0.0193587
0.570619
0.890543
0.00262487
0.0226669
0.685082
0.995386
0.7975
0.00310532
0.98074
0.00267122
0.0201517
0.00280677
0.00516856
0.00951664
0.936373
0.995696
0.933677
0.994012
0.00260845
0.195359
0.994304
0.996189
0.971412
0.755841
0.996645
0.00309962
0.00269631
0.996579
0.990117
0.00259554
0.012277
0.511772
0.732917
0.00258465
0.060749
0.00300595
0.399344
0.0925077
0.00268034
0.0142671
0.992978
0.315622
0.868746
0.996624
0.995867
0.987355
0.00343121
0.996261
0.00270025
0.00352178
0.0025899
0.364398
0.99408
0.0245742
0.00266316
0.996631
0.996646
0.0287908
0.854872
0.991707
0.675207
0.98589
0.709746
0.00277057
0.00364406
0.736857
0.087687
0.118841
0.00806055
0.994763
0.919283
0.0173898
0.500111
0.355728
0.0486744
0.00308211
0.991104
0.00262462
0.984168
0.900899
0.789846
0.989923
0.00812528
0.996621
0.0224216
0.385252
0.011062
0.157488
0.983722
0.00318773
0.748651
0.00300985
0.873296
0.00615114
0.995707
0.993888
0.996424
0.904958
0.986594
0.937388
0.950745
0.00830237
0.00305358
0.996569
0.996561
0.00415
0.996145
0.0619777
0.718532
0.971493
0.69558
0.996596
0.996494
0.965614
0.0267446
0.00500071
0.996427
0.00281363
0.0178235
0.879719
0.0839768
0.610762
0.00294971
0.00391251
0.958528
0.983163
0.0206406
0.955971
0.995593
0.996662
0.00260281
0.995559
0.834674
0.0339858
0.996065
0.992974
0.0341687
0.996037
0.338847
0.0177058
0.00306518
0.996623
0.961815
0.996274
0.977347
0.487154
0.99636
0.00258429
0.14538
0.832155
0.996224
0.864085
0.222751
0.995676
0.00361597
0.338857
0.543613
0.996549
0.165376
0.0142846
0.861739
0.370762
0.00273765
0.0464165
0.0330064
0.109535
0.492735
0.995274
0.248969
0.991268
0.996408
0.0307353
0.987588
0.0242672
0.996635
0.0786481
0.985278
0.579557
0.00855467
0.029311
0.996386
0.00298107
0.00608268
0.00901588
0.00310913
0.00309294
0.932215
0.00297804
0.98942
0.996259
0.0992557
0.00283194
0.996676
0.886016
0.00389857
0.643032
0.0165398
0.911606
0.00280684
0.00983137
0.996483
0.320821
0.00269438
0.892672
0.99008
0.995668
0.994114
0.996645
0.943901
0.0086952
0.302031
0.994157
0.996297
0.622283
0.0136645
0.987156
0.952914
0.862819
0.985853
0.996184
0.00260364
0.122036
0.00601436
0.00868026
0.00275853
0.995218
0.98893
0.00299846
0.00263037
0.0053134
0.00848449
0.00272735
0.0376228
0.00915624
0.994909
0.951731
0.00688344
0.00283449
0.212686
0.00735392
0.00577477
0.00299219
0.78375
0.984427
0.00259409
0.00475492
0.996648
0.0290084
0.996096
0.961589
0.996541
0.317704
0.0594928
0.994223
0.00279466
0.994018
0.00814829
0.973306
0.660429
0.0273703
0.00426064
0.00431193
0.987184
0.195613
0.902175
0.996659
0.993457
0.126222
0.758108
0.988193
0.953544
0.0213104
0.995352
0.0027711
0.143121
0.951148
0.0103522
0.00410668
0.00258401
0.99636
0.995356
0.841502
0.994871
0.996565
0.00275816
0.996474
0.993683
0.887769
0.21944
0.00292566
0.0189235
0.0026767
0.00569611
0.995805
0.990577
0.756597
0.992782
0.979286
0.90767
0.839703
0.996069
0.996653
0.372725
0.984015
0.00283241
0.0161636
0.991262
0.00723023
0.996297
0.00285267
0.196942
0.00262776
0.003369
0.0535579
0.992291
0.967959
0.975135
0.995639
0.97753
0.0387755
0.965676
0.00327274
0.995073
0.996417
0.00271128
0.987491
0.943122
0.990109
0.00263757
0.971687
0.00537787
0.993028
0.00633398
0.00299194
0.00453132
0.00465706
0.988156
0.186789
0.00379666
0.996627
0.795567
0.995547
0.0340242
0.00258568
0.00266709
0.996646
0.983927
0.631996
0.00361291
0.994998
0.00259211
0.737837
0.00372049
0.00278757
0.777663
0.00264232
0.00965001
0.00280094
0.00275392
0.77175
0.0410905
0.00296909
0.992942
0.996432
0.985255
0.00347309
0.159528
0.996356
0.00261192
0.903488
0.0126548
0.996009
0.0026279
0.00260721
0.861253
0.00268907
0.992341
0.994288
0.969547
0.00572561
0.928874
0.0180583
0.0288552
0.00382668
0.00260427
0.996608
0.991351
0.996537
0.00345164
0.0042978
0.996623
0.0276842
0.993926
0.00284639
0.00301098
0.00258653
0.592065
0.00298229
0.00330466
0.0073183
0.642222
0.147758
0.14592
0.00642074
0.00323373
0.99596
0.982776
0.996299
0.986069
0.00328368
0.00367981
0.99201
0.977784
0.0113153
0.689183
0.99398
0.995368
0.994083
0.0375266
0.00288924
0.993221
0.00267379
0.00305648
0.0027896
0.939634
0.235905
0.0432256
0.994382
0.00258552
0.00423948
0.0909093
0.107427
0.99498
0.296758
0.970581
0.0129373
0.476421
0.181442
0.00447001
0.00258724
0.96369
0.842256
0.948837
0.993693
0.547631
0.00730219
0.00271662
0.00517584
0.991244
0.992508
0.996132
0.984679
0.00282264
0.00264708
0.735299
0.0188302
0.27379
0.00698103
0.2842
0.958973
0.995892
0.00271812
0.00315726
0.00274971
0.00358394
0.0187402
0.97335
0.00341176
0.00432558
0.0400536
0.00306364
0.207098
0.00284149
0.996458
0.980998
0.0594496
0.859783
0.888583
0.148012
0.0267654
0.016842
0.976266
0.996646
0.99452
0.991857
0.996498
0.99182
0.00264716
0.692801
0.073248
0.0126171
0.621169
0.0514951
0.995505
0.0449359
0.873684
0.00262969
0.941257
0.996154
0.985977
0.0222588
0.994968
0.332932
0.986971
0.996106
0.9965
0.962288
0.871578
0.0760804
0.0204513
0.842882
0.928829
0.17006
0.00295391
0.00356026
0.00276557
0.995298
0.229735
0.996157
0.00505966
0.00351129
0.994876
0.00748317
0.985598
0.995842
0.992047
0.00258595
0.19842
0.993344
0.0513337
0.00258975
0.996529
0.994583
0.990372
0.407928
0.993443
0.122435
0.851497
0.378928
0.00346414
0.190938
0.978027
0.995861
0.982491
0.0228551
0.986258
0.00265666
0.942339
0.0277903
0.02962
0.079734
0.941175
0.995139
0.00298291
0.983122
0.0159894
