Id,Prediction
1,1
2,1
3,1
4,0
5,1
6,0
7,0
8,1
9,1
10,0
11,1
12,0
13,1
14,0
15,0
16,1
17,0
18,1
19,1
20,1
21,1
22,1
23,1
24,1
25,1
26,1
27,0
28,1
29,0
30,1
31,1
32,1
33,1
34,1
35,1
36,0
37,1
38,1
39,0
40,1
41,1
42,1
43,0
44,1
45,1
46,1
47,1
48,0
49,1
50,1
51,1
52,1
53,1
54,1
55,1
56,1
57,1
58,1
59,1
60,0
61,1
62,0
63,0
64,1
65,1
66,1
67,1
68,0
69,1
70,1
71,0
72,1
73,1
74,1
75,1
76,0
77,0
78,1
79,0
80,0
81,1
82,1
83,0
84,1
85,1
86,0
87,1
88,0
89,1
90,0
91,1
92,0
93,0
94,0
95,0
96,1
97,1
98,1
99,0
100,1
101,0
102,0
103,1
104,1
105,1
106,1
107,1
108,1
109,1
110,1
111,0
112,1
113,0
114,1
115,0
116,1
117,1
118,0
119,1
120,1
121,1
122,0
123,1
124,1
125,0
126,1
127,1
128,1
129,1
130,0
131,1
132,1
133,1
134,0
135,0
136,1
137,1
138,1
139,1
140,1
141,1
142,0
143,1
144,1
145,0
146,1
147,1
148,1
149,1
150,1
151,1
152,1
153,1
154,1
155,1
156,0
157,1
158,1
159,1
160,1
161,1
162,0
163,1
164,1
165,1
166,0
167,0
168,1
169,0
170,1
171,1
172,1
173,1
174,1
175,1
176,0
177,1
178,1
179,0
180,0
181,1
182,1
183,0
184,1
185,1
186,1
187,0
188,1
189,1
190,1
191,1
192,1
193,1
194,1
195,1
196,1
197,1
198,1
199,1
200,0
201,1
202,1
203,1
204,1
205,1
206,1
207,0
208,1
209,0
210,1
211,1
212,1
213,1
214,1
215,0
216,1
217,1
218,0
219,1
220,1
221,1
222,1
223,1
224,1
225,0
226,1
227,1
228,0
229,1
230,1
231,1
232,1
233,1
234,1
235,1
236,1
237,0
238,1
239,1
240,0
241,0
242,1
243,0
244,1
245,1
246,1
247,1
248,0
249,1
250,1
251,1
252,1
253,1
254,0
255,1
256,1
257,1
258,1
259,1
260,0
261,1
262,0
263,0
264,0
265,1
266,0
267,1
268,1
269,1
270,1
271,1
272,0
273,1
274,1
275,1
276,1
277,1
278,1
279,1
280,0
281,1
282,1
283,1
284,0
285,0
286,1
287,1
288,1
289,1
290,1
291,1
292,0
293,1
294,1
295,0
296,1
297,1
298,1
299,1
300,0
301,1
302,1
303,0
304,0
305,0
306,1
307,0
308,1
309,0
310,1
311,1
312,1
313,0
314,1
315,1
316,1
317,1
318,0
319,1
320,1
321,0
322,1
323,1
324,1
325,0
326,0
327,0
328,1
329,1
330,1
331,0
332,0
333,0
334,0
335,0
336,0
337,1
338,1
339,0
340,1
341,0
342,0
343,0
344,1
345,1
346,1
347,1
348,1
349,0
350,0
351,1
352,1
353,1
354,1
355,1
356,1
357,0
358,1
359,1
360,1
361,1
362,1
363,1
364,1
365,1
366,1
367,1
368,0
369,1
370,1
371,1
372,1
373,1
374,1
375,0
376,1
377,1
378,1
379,1
380,1
381,0
382,1
383,1
384,1
385,1
386,1
387,1
388,1
389,1
390,1
391,1
392,1
393,1
394,1
395,1
396,1
397,1
398,0
399,1
400,1
401,0
402,1
403,1
404,1
405,0
406,1
407,0
408,1
409,1
410,1
411,1
412,1
413,0
414,0
415,0
416,1
417,0
418,0
419,0
420,0
421,1
422,0
423,1
424,0
425,1
426,1
427,0
428,1
429,1
430,1
431,1
432,0
433,1
434,0
435,1
436,0
437,1
438,1
439,0
440,1
441,1
442,1
443,1
444,0
445,1
446,1
447,1
448,0
449,1
450,0
451,0
452,0
453,1
454,1
455,1
456,1
457,1
458,1
459,1
460,0
461,1
462,0
463,1
464,1
465,0
466,0
467,1
468,1
469,0
470,0
471,0
472,1
473,1
474,1
475,0
476,1
477,0
478,0
479,0
480,1
481,0
482,1
483,1
484,1
485,1
486,0
487,1
488,1
489,1
490,1
491,1
492,0
493,1
494,1
495,1
496,0
497,0
498,1
499,1
500,1
501,1
502,1
503,1
504,0
505,1
506,1
507,0
508,0
509,1
510,1
511,1
512,1
513,1
514,1
515,1
516,1
517,1
518,0
519,1
520,0
521,0
522,1
523,1
524,0
525,1
526,1
527,1
528,1
529,1
530,1
531,1
532,1
533,1
534,0
535,0
536,1
537,0
538,1
539,0
540,1
541,1
542,0
543,1
544,0
545,1
546,0
547,1
548,1
549,1
550,0
551,1
552,1
553,1
554,1
555,1
556,0
557,1
558,0
559,1
560,0
561,1
562,0
563,1
564,1
565,0
566,1
567,0
568,0
569,1
570,0
571,1
572,1
573,0
574,1
575,0
576,1
577,1
578,1
579,0
580,1
581,1
582,0
583,1
584,1
585,1
586,1
587,1
588,1
589,0
590,1
591,0
592,1
593,1
594,0
595,1
596,1
597,1
598,1
599,1
600,0
601,0
602,1
603,1
604,1
605,1
606,0
607,1
608,1
609,1
610,1
611,0
612,0
613,1
614,1
615,0
616,0
617,1
618,1
619,1
620,1
621,0
622,1
623,1
624,1
625,1
626,0
627,1
628,1
629,1
630,0
631,1
632,0
633,1
634,1
635,1
636,0
637,0
638,1
639,1
640,1
641,0
642,1
643,1
644,0
645,1
646,0
647,1
648,0
649,1
650,0
651,0
652,1
653,1
654,1
655,1
656,1
657,0
658,1
659,1
660,1
661,1
662,1
663,1
664,1
665,0
666,0
667,1
668,1
669,1
670,1
671,1
672,1
673,1
674,1
675,0
676,0
677,1
678,0
679,1
680,0
681,1
682,1
683,1
684,1
685,1
686,1
687,1
688,0
689,1
690,1
691,0
692,1
693,1
694,1
695,1
696,0
697,1
698,0
699,1
700,0
701,1
702,1
703,1
704,1
705,1
706,1
707,1
708,1
709,1
710,1
711,1
712,1
713,1
714,1
715,0
716,1
717,1
718,1
719,1
720,1
721,1
722,1
723,1
724,0
725,0
726,1
727,1
728,1
729,0
730,1
731,1
732,0
733,1
734,1
735,1
736,1
737,1
738,0
739,0
740,1
741,1
742,1
743,0
744,1
745,1
746,1
747,1
748,1
749,1
750,1
751,1
752,0
753,1
754,1
755,1
756,1
757,1
758,1
759,1
760,0
761,1
762,1
763,1
764,1
765,1
766,1
767,1
768,1
769,0
770,1
771,1
772,0
773,1
774,1
775,1
776,1
777,0
778,0
779,0
780,1
781,1
782,1
783,0
784,0
785,1
786,0
787,1
788,0
789,0
790,1
791,1
792,0
793,1
794,1
795,1
796,1
797,0
798,1
799,0
800,1
801,1
802,0
803,1
804,1
805,1
806,1
807,1
808,1
809,1
810,1
811,1
812,1
813,1
814,1
815,1
816,1
817,1
818,0
819,1
820,1
821,1
822,0
823,1
824,1
825,1
826,0
827,1
828,1
829,1
830,1
831,1
832,1
833,1
834,0
835,1
836,0
837,1
838,1
839,0
840,1
841,0
842,1
843,1
844,1
845,1
846,1
847,1
848,0
849,1
850,0
851,1
852,1
853,1
854,1
855,1
856,0
857,1
858,0
859,1
860,1
861,1
862,1
863,1
864,1
865,1
866,1
867,1
868,1
869,1
870,1
871,1
872,1
873,1
874,1
875,1
876,1
877,0
878,1
879,1
880,0
881,0
882,1
883,1
884,0
885,1
886,1
887,1
888,1
889,1
890,1
891,0
892,1
893,1
894,1
895,1
896,0
897,1
898,1
899,0
900,1
901,1
902,1
903,1
904,1
905,0
906,1
907,1
908,1
909,1
910,1
911,1
912,1
913,0
914,1
915,1
916,0
917,1
918,0
919,0
920,1
921,1
922,0
923,0
924,0
925,1
926,0
927,1
928,0
929,1
930,1
931,0
932,1
933,1
934,0
935,1
936,1
937,1
938,1
939,1
940,1
941,0
942,1
943,1
944,1
945,0
946,1
947,1
948,1
949,0
950,1
951,1
952,1
953,0
954,0
955,0
956,1
957,1
958,0
959,1
960,1
961,1
962,1
963,0
964,1
965,0
966,1
967,1
968,1
969,1
970,0
971,1
972,1
973,0
974,1
975,0
976,0
977,1
978,0
979,1
980,1
981,0
982,1
983,0
984,0
985,1
986,0
987,1
988,1
989,1
990,1
991,1
992,1
993,1
994,1
995,1
996,0
997,0
998,0
999,0
1000,1
1001,1
1002,1
1003,1
1004,1
1005,0
1006,1
1007,1
1008,1
1009,0
1010,1
1011,1
1012,1
1013,1
1014,1
1015,1
1016,1
1017,1
1018,1
1019,1
1020,0
1021,0
1022,0
1023,1
1024,0
1025,0
1026,1
1027,1
1028,1
1029,0
1030,1
1031,1
1032,1
1033,0
1034,1
1035,1
1036,1
1037,1
1038,1
1039,1
1040,0
1041,1
1042,1
1043,1
1044,1
1045,1
1046,0
1047,1
1048,1
1049,1
1050,1
1051,1
1052,0
1053,1
1054,1
1055,0
1056,1
1057,1
1058,1
1059,1
1060,0
1061,1
1062,1
1063,0
1064,1
1065,1
1066,1
1067,1
1068,0
1069,1
1070,0
1071,0
1072,1
1073,1
1074,1
1075,0
1076,1
1077,1
1078,0
1079,1
1080,1
1081,1
1082,1
1083,1
1084,0
1085,0
1086,1
1087,1
1088,0
1089,1
1090,0
1091,1
1092,0
1093,1
1094,1
1095,0
1096,1
1097,1
1098,1
1099,1
1100,0
1101,0
1102,1
1103,1
1104,0
1105,1
1106,1
1107,1
1108,1
1109,0
1110,0
1111,1
1112,1
1113,0
1114,0
1115,0
1116,1
1117,1
1118,1
1119,0
1120,1
1121,0
1122,1
1123,1
1124,0
1125,1
1126,1
1127,0
1128,1
1129,1
1130,1
1131,1
1132,0
1133,1
1134,0
1135,1
1136,0
1137,1
1138,1
1139,1
1140,1
1141,1
1142,1
1143,0
1144,1
1145,1
1146,1
1147,0
1148,1
1149,1
1150,0
1151,1
1152,1
1153,0
1154,1
1155,1
1156,1
1157,0
1158,1
1159,1
1160,1
1161,1
1162,0
1163,0
1164,1
1165,1
1166,0
1167,1
1168,1
1169,1
1170,1
1171,1
1172,1
1173,1
1174,1
1175,1
1176,1
1177,0
1178,1
1179,1
1180,1
1181,1
1182,1
1183,0
1184,0
1185,0
1186,0
1187,1
1188,0
1189,1
1190,0
1191,0
1192,0
1193,1
1194,1
1195,1
1196,0
1197,1
1198,1
1199,1
1200,1
1201,1
1202,0
1203,0
1204,1
1205,0
1206,0
1207,1
1208,0
1209,1
1210,1
1211,1
1212,1
1213,1
1214,1
1215,0
1216,1
1217,1
1218,1
1219,0
1220,1
1221,1
1222,0
1223,0
1224,1
1225,1
1226,1
1227,1
1228,1
1229,0
1230,1
1231,1
1232,1
1233,0
1234,1
1235,1
1236,1
1237,1
1238,0
1239,1
1240,1
1241,1
1242,1
1243,1
1244,1
1245,0
1246,1
1247,1
1248,1
1249,1
1250,1
1251,1
1252,1
1253,1
1254,1
1255,1
1256,0
1257,1
1258,1
1259,1
1260,1
1261,1
1262,1
1263,1
1264,1
1265,0
1266,1
1267,1
1268,1
1269,1
1270,1
1271,1
1272,1
1273,1
1274,0
1275,1
1276,1
1277,1
1278,1
1279,1
1280,0
1281,1
1282,1
1283,1
1284,0
1285,1
1286,1
1287,0
1288,1
1289,1
1290,0
1291,1
1292,1
1293,0
1294,1
1295,1
1296,1
1297,0
1298,1
1299,0
1300,0
1301,1
1302,0
1303,1
1304,1
1305,0
1306,1
1307,1
1308,1
1309,1
1310,1
1311,1
1312,1
1313,1
1314,1
1315,1
1316,1
1317,1
1318,1
1319,1
1320,1
1321,0
1322,1
1323,1
1324,1
1325,1
1326,1
1327,0
1328,1
1329,1
1330,1
1331,1
1332,1
1333,0
1334,0
1335,1
1336,1
1337,1
1338,1
1339,0
1340,1
1341,1
1342,1
1343,1
1344,1
1345,1
1346,1
1347,1
1348,1
1349,1
1350,1
1351,1
1352,0
1353,1
1354,1
1355,1
1356,1
1357,0
1358,0
1359,1
1360,1
1361,0
1362,1
1363,1
1364,1
1365,1
1366,0
1367,0
1368,0
1369,1
1370,0
1371,1
1372,1
1373,0
1374,0
1375,1
1376,1
1377,1
1378,1
1379,1
1380,1
1381,1
1382,0
1383,1
1384,1
1385,1
1386,0
1387,1
1388,1
1389,1
1390,0
1391,1
1392,0
1393,1
1394,1
1395,1
1396,1
1397,1
1398,0
1399,0
1400,1
1401,0
1402,1
1403,1
1404,1
1405,1
1406,1
1407,0
1408,1
1409,1
1410,0
1411,0
1412,1
1413,1
1414,1
1415,1
1416,1
1417,1
1418,1
1419,1
1420,1
1421,1
1422,1
1423,1
1424,1
1425,0
1426,1
1427,1
1428,1
1429,1
1430,0
1431,1
1432,0
1433,1
1434,1
1435,1
1436,0
1437,1
1438,1
1439,1
1440,1
1441,1
1442,1
1443,1
1444,1
1445,0
1446,0
1447,1
1448,1
1449,1
1450,1
1451,1
1452,1
1453,1
1454,0
1455,1
1456,1
1457,1
1458,1
1459,1
1460,1
1461,0
1462,0
1463,1
1464,0
1465,1
1466,0
1467,1
1468,1
1469,0
1470,1
1471,1
1472,1
1473,0
1474,1
1475,0
1476,1
1477,1
1478,0
1479,1
1480,1
1481,1
1482,1
1483,1
1484,1
1485,1
1486,1
1487,1
1488,0
1489,1
1490,1
1491,1
1492,1
1493,1
1494,0
1495,0
1496,1
1497,1
1498,1
1499,1
1500,0
1501,1
1502,0
1503,1
1504,1
1505,0
1506,1
1507,1
1508,0
1509,1
1510,0
1511,0
1512,1
1513,0
1514,1
1515,0
1516,0
1517,0
1518,0
1519,1
1520,1
1521,1
1522,0
1523,0
1524,1
1525,1
1526,0
1527,1
1528,1
1529,1
1530,1
1531,1
1532,1
1533,1
1534,1
1535,1
1536,0
1537,1
1538,1
1539,1
1540,1
1541,1
1542,1
1543,0
1544,1
1545,1
1546,1
1547,0
1548,1
1549,1
1550,1
1551,0
1552,1
1553,1
1554,1
1555,1
1556,1
1557,1
1558,1
1559,1
1560,0
1561,1
1562,1
1563,1
1564,1
1565,1
1566,1
1567,1
1568,1
1569,1
1570,0
1571,0
1572,1
1573,1
1574,1
1575,0
1576,0
1577,1
1578,0
1579,0
1580,1
1581,1
1582,1
1583,1
1584,0
1585,0
1586,1
1587,0
1588,1
1589,1
1590,1
1591,1
1592,1
1593,1
1594,0
1595,1
1596,0
1597,0
1598,1
1599,0
1600,1
1601,1
1602,0
1603,1
1604,1
1605,1
1606,0
1607,1
1608,1
1609,1
1610,1
1611,1
1612,1
1613,1
1614,0
1615,0
1616,0
1617,1
1618,1
1619,1
1620,0
1621,1
1622,0
1623,1
1624,0
1625,1
1626,1
1627,0
1628,1
1629,0
1630,1
1631,0
1632,1
1633,1
1634,0
1635,0
1636,1
1637,1
1638,1
1639,1
1640,0
1641,1
1642,0
1643,1
1644,1
1645,1
1646,1
1647,0
1648,1
1649,1
1650,1
1651,1
1652,1
1653,0
1654,1
1655,1
1656,1
1657,1
1658,0
1659,1
1660,1
1661,1
1662,1
1663,0
1664,1
1665,1
1666,1
1667,1
1668,1
1669,0
1670,1
1671,1
1672,1
1673,0
1674,0
1675,0
1676,0
1677,1
1678,1
1679,1
1680,1
1681,1
1682,1
1683,0
1684,1
1685,0
1686,1
1687,1
1688,1
1689,1
1690,0
1691,1
1692,0
1693,1
1694,1
1695,1
1696,1
1697,1
1698,1
1699,1
1700,1
1701,1
1702,1
1703,1
1704,1
1705,1
1706,1
1707,1
1708,0
1709,1
1710,1
1711,0
1712,1
1713,0
1714,0
1715,1
1716,1
1717,0
1718,1
1719,1
1720,1
1721,0
1722,1
1723,0
1724,0
1725,1
1726,1
1727,1
1728,1
1729,1
1730,0
1731,0
1732,1
1733,1
1734,1
1735,0
1736,1
1737,1
1738,1
1739,0
1740,0
1741,0
1742,1
1743,0
1744,1
1745,1
1746,1
1747,1
1748,1
1749,1
1750,1
1751,0
1752,1
1753,1
1754,1
1755,0
1756,1
1757,0
1758,0
1759,1
1760,1
1761,1
1762,1
1763,1
1764,1
1765,0
1766,1
1767,1
1768,0
1769,1
1770,0
1771,1
1772,1
1773,1
1774,1
1775,1
1776,1
1777,1
1778,0
1779,1
1780,1
1781,0
1782,1
1783,0
1784,1
1785,1
1786,1
1787,1
1788,1
1789,0
1790,1
1791,1
1792,0
1793,0
1794,1
1795,1
1796,0
1797,1
1798,0
1799,0
1800,1
1801,1
1802,1
1803,1
1804,1
1805,1
1806,1
1807,1
1808,1
1809,1
1810,1
1811,1
1812,0
1813,1
1814,1
1815,1
1816,1
1817,1
1818,1
1819,1
1820,0
1821,1
1822,1
1823,1
1824,1
1825,1
1826,1
1827,0
1828,0
1829,1
1830,0
1831,1
1832,1
1833,0
1834,1
1835,1
1836,1
1837,1
1838,1
1839,0
1840,0
1841,0
1842,1
1843,1
1844,1
1845,1
1846,0
1847,1
1848,0
1849,1
1850,0
1851,1
1852,1
1853,1
1854,1
1855,1
1856,1
1857,1
1858,1
1859,0
1860,1
1861,1
1862,1
1863,1
1864,1
1865,1
1866,1
1867,0
1868,0
1869,1
1870,1
1871,1
1872,0
1873,1
1874,1
1875,1
1876,0
1877,1
1878,1
1879,1
1880,0
1881,0
1882,1
1883,1
1884,1
1885,0
1886,1
1887,0
1888,0
1889,0
1890,1
1891,0
1892,1
1893,0
1894,1
1895,1
1896,1
1897,0
1898,0
1899,0
1900,1
1901,1
1902,1
1903,1
1904,1
1905,0
1906,1
1907,1
1908,0
1909,1
1910,1
1911,1
1912,1
1913,1
1914,0
1915,1
1916,1
1917,1
1918,1
1919,1
1920,0
1921,1
1922,1
1923,1
1924,1
1925,1
1926,1
1927,1
1928,1
1929,1
1930,1
1931,1
1932,1
1933,1
1934,1
1935,1
1936,1
1937,1
1938,1
1939,0
1940,1
1941,1
1942,1
1943,1
1944,1
1945,0
1946,1
1947,1
1948,1
1949,1
1950,0
1951,0
1952,1
1953,1
1954,0
1955,0
1956,1
1957,0
1958,1
1959,1
1960,1
1961,0
1962,0
1963,1
1964,0
1965,1
1966,0
1967,0
1968,1
1969,0
1970,0
1971,1
1972,1
1973,1
1974,1
1975,1
1976,0
1977,1
1978,0
1979,1
1980,1
1981,1
1982,1
1983,1
1984,1
1985,0
1986,0
1987,1
1988,0
1989,0
1990,1
1991,1
1992,1
1993,1
1994,1
1995,1
1996,1
1997,1
1998,0
1999,0
2000,1
2001,1
2002,0
2003,1
2004,1
2005,1
2006,1
2007,1
2008,1
2009,0
2010,0
2011,0
2012,0
2013,0
2014,0
2015,1
2016,1
2017,1
2018,1
2019,1
2020,0
2021,1
2022,1
2023,1
2024,0
2025,1
2026,0
2027,1
2028,1
2029,0
2030,0
2031,1
2032,1
2033,1
2034,1
2035,0
2036,0
2037,1
2038,1
2039,1
2040,0
2041,1
2042,1
2043,0
2044,0
2045,1
2046,0
2047,0
2048,0
2049,0
2050,1
2051,1
2052,1
2053,0
2054,0
2055,1
2056,1
2057,1
2058,1
2059,0
2060,1
2061,1
2062,1
2063,1
2064,0
2065,1
2066,1
2067,0
2068,1
2069,1
2070,1
2071,0
2072,0
2073,1
2074,1
2075,0
2076,1
2077,1
2078,1
2079,1
2080,0
2081,1
2082,0
2083,1
2084,1
2085,0
2086,1
2087,1
2088,1
2089,0
2090,0
2091,1
2092,1
2093,1
2094,1
2095,1
2096,0
2097,1
2098,1
2099,1
2100,0
2101,0
2102,1
2103,1
2104,0
2105,0
2106,1
2107,1
2108,1
2109,1
2110,1
2111,1
2112,0
2113,1
2114,1
2115,1
2116,1
2117,1
2118,0
2119,1
2120,0
2121,1
2122,1
2123,1
2124,0
2125,1
2126,0
2127,1
2128,1
2129,1
2130,1
2131,1
2132,1
2133,1
2134,1
2135,1
2136,0
2137,1
2138,0
2139,1
2140,1
2141,0
2142,1
2143,1
2144,1
2145,1
2146,1
2147,1
2148,1
2149,1
2150,1
2151,1
2152,1
2153,0
2154,1
2155,1
2156,1
2157,1
2158,0
2159,0
2160,1
2161,0
2162,0
2163,1
2164,0
2165,1
2166,1
2167,0
2168,0
2169,1
2170,1
2171,0
2172,1
2173,1
2174,1
2175,1
2176,0
2177,1
2178,1
2179,1
2180,1
2181,1
2182,1
2183,1
2184,0
2185,1
2186,1
2187,1
2188,0
2189,1
2190,0
2191,1
2192,1
2193,0
2194,1
2195,1
2196,1
2197,1
2198,1
2199,0
2200,1
2201,0
2202,1
2203,0
2204,1
2205,1
2206,1
2207,0
2208,1
2209,1
2210,1
2211,1
2212,1
2213,0
2214,1
2215,1
2216,0
2217,0
2218,0
2219,1
2220,0
2221,1
2222,0
2223,1
2224,0
2225,1
2226,1
2227,1
2228,1
2229,0
2230,1
2231,0
2232,1
2233,1
2234,0
2235,1
2236,0
2237,0
2238,1
2239,1
2240,0
2241,1
2242,0
2243,0
2244,1
2245,1
2246,0
2247,1
2248,0
2249,1
2250,1
2251,0
2252,1
2253,0
2254,1
2255,1
2256,1
2257,0
2258,1
2259,0
2260,1
2261,1
2262,1
2263,1
2264,1
2265,0
2266,0
2267,0
2268,1
2269,1
2270,1
2271,1
2272,1
2273,0
2274,1
2275,1
2276,1
2277,1
2278,1
2279,1
2280,1
2281,1
2282,1
2283,1
2284,0
2285,1
2286,1
2287,1
2288,1
2289,0
2290,1
2291,0
2292,1
2293,1
2294,0
2295,1
2296,1
2297,1
2298,1
2299,1
2300,0
2301,1
2302,0
2303,0
2304,1
2305,1
2306,0
2307,0
2308,0
2309,0
2310,1
2311,0
2312,1
2313,1
2314,1
2315,1
2316,1
2317,1
2318,1
2319,1
2320,1
2321,1
2322,0
2323,0
2324,0
2325,1
2326,1
2327,1
2328,0
2329,0
2330,1
2331,1
2332,0
2333,1
2334,1
2335,0
2336,1
2337,0
2338,1
2339,1
2340,1
2341,0
2342,1
2343,1
2344,1
2345,1
2346,0
2347,1
2348,1
2349,1
2350,1
2351,1
2352,1
2353,0
2354,1
2355,1
2356,1
2357,1
2358,1
2359,1
2360,1
2361,1
2362,0
2363,0
2364,0
2365,1
2366,1
2367,1
2368,0
2369,1
2370,1
2371,1
2372,1
2373,1
2374,1
2375,0
2376,1
2377,0
2378,1
2379,0
2380,1
2381,1
2382,1
2383,1
2384,1
2385,1
2386,1
2387,0
2388,1
2389,1
2390,1
2391,1
2392,1
2393,1
2394,1
2395,1
2396,1
2397,1
2398,1
2399,0
2400,1
2401,1
2402,1
2403,1
2404,1
2405,1
2406,1
2407,1
2408,1
2409,1
2410,1
2411,1
2412,0
2413,1
2414,1
2415,1
2416,0
2417,1
2418,1
2419,0
2420,1
2421,1
2422,1
2423,0
2424,1
2425,1
2426,1
2427,1
2428,0
2429,0
2430,0
2431,1
2432,1
2433,0
2434,1
2435,1
2436,1
2437,0
2438,0
2439,0
2440,1
2441,1
2442,1
2443,1
2444,1
2445,1
2446,1
2447,1
2448,1
2449,1
2450,1
2451,1
2452,1
2453,1
2454,0
2455,1
2456,1
2457,0
2458,1
2459,1
2460,1
2461,1
2462,0
2463,1
2464,1
2465,1
2466,1
2467,1
2468,0
2469,1
2470,1
2471,0
2472,1
2473,1
2474,1
2475,0
2476,1
2477,1
2478,0
2479,1
2480,0
2481,1
2482,1
2483,1
2484,1
2485,1
2486,1
2487,0
2488,0
2489,1
2490,1
2491,1
2492,1
2493,0
2494,1
2495,0
2496,1
2497,1
2498,1
2499,0
2500,1
2501,0
2502,1
2503,1
2504,0
2505,1
2506,1
2507,1
2508,1
2509,0
2510,1
2511,1
2512,1
2513,0
2514,1
2515,1
2516,1
2517,1
2518,1
2519,1
2520,1
2521,1
2522,1
2523,0
2524,1
2525,1
2526,0
2527,0
2528,1
2529,1
2530,0
2531,0
2532,1
2533,1
2534,1
2535,1
2536,0
2537,0
2538,0
2539,1
2540,1
2541,1
2542,1
2543,1
2544,0
2545,0
2546,1
2547,0
2548,0
2549,1
2550,1
2551,1
2552,1
2553,1
2554,1
2555,0
2556,1
2557,1
2558,0
2559,1
2560,1
2561,0
2562,1
2563,1
2564,1
2565,1
2566,1
2567,1
2568,0
2569,0
2570,0
2571,1
2572,1
2573,0
2574,1
2575,1
2576,0
2577,1
2578,1
2579,1
2580,1
2581,1
2582,1
2583,1
2584,1
2585,1
2586,1
2587,0
2588,0
2589,1
2590,0
2591,0
2592,1
2593,1
2594,1
2595,1
2596,1
2597,1
2598,1
2599,1
2600,1
2601,1
2602,1
2603,1
2604,0
2605,0
2606,1
2607,1
2608,1
2609,1
2610,1
2611,1
2612,0
2613,1
2614,1
2615,1
2616,1
2617,1
2618,1
2619,1
2620,1
2621,0
2622,1
2623,0
2624,1
2625,1
2626,1
2627,1
2628,1
2629,1
2630,1
2631,1
2632,1
2633,1
2634,1
2635,0
2636,1
2637,0
2638,1
2639,1
2640,1
2641,1
2642,0
2643,1
2644,1
2645,1
2646,0
2647,1
2648,1
2649,0
2650,0
2651,1
2652,1
2653,1
2654,1
2655,0
2656,1
2657,1
2658,1
2659,1
2660,0
2661,1
2662,1
2663,0
2664,1
2665,0
2666,1
2667,1
2668,1
2669,1
2670,1
2671,1
2672,1
2673,1
2674,1
2675,1
2676,0
2677,0
2678,1
2679,0
2680,1
2681,1
2682,1
2683,0
2684,1
2685,1
2686,1
2687,0
2688,1
2689,1
2690,1
2691,1
2692,1
2693,1
2694,1
2695,1
2696,0
2697,0
2698,0
2699,0
2700,1
2701,0
2702,0
2703,0
2704,0
2705,1
2706,1
2707,1
2708,1
2709,1
2710,1
2711,0
2712,1
2713,1
2714,1
2715,0
2716,1
2717,1
2718,1
2719,1
2720,1
2721,1
2722,0
2723,1
2724,1
2725,1
2726,1
2727,1
2728,0
2729,1
2730,1
2731,1
2732,1
2733,0
2734,1
2735,1
2736,0
2737,1
2738,1
2739,1
2740,0
2741,1
2742,1
2743,1
2744,1
2745,0
2746,1
2747,1
2748,0
2749,1
2750,1
2751,1
2752,1
2753,0
2754,1
2755,0
2756,1
2757,1
2758,1
2759,0
2760,1
2761,0
2762,0
2763,1
2764,1
2765,1
2766,0
2767,1
2768,1
2769,0
2770,1
2771,0
2772,1
2773,1
2774,1
2775,1
2776,0
2777,1
2778,1
2779,0
2780,1
2781,0
2782,0
2783,1
2784,1
2785,0
2786,1
2787,1
2788,0
2789,0
2790,1
2791,1
2792,1
2793,0
2794,1
2795,0
2796,0
2797,1
2798,1
2799,1
2800,0
2801,1
2802,0
2803,1
2804,1
2805,1
2806,1
2807,1
2808,1
2809,1
2810,1
2811,1
2812,0
2813,1
2814,1
2815,1
2816,1
2817,1
2818,0
2819,0
2820,1
2821,1
2822,0
2823,1
2824,1
2825,1
2826,1
2827,1
2828,0
2829,0
2830,1
2831,0
2832,1
2833,1
2834,1
2835,0
2836,1
2837,1
2838,1
2839,1
2840,1
2841,0
2842,1
2843,1
2844,1
2845,1
2846,1
2847,1
2848,1
2849,1
2850,1
2851,1
2852,1
2853,0
2854,1
2855,1
2856,1
2857,1
2858,0
2859,1
2860,1
2861,1
2862,1
2863,1
2864,0
2865,1
2866,0
2867,0
2868,0
2869,0
2870,0
2871,0
2872,1
2873,1
2874,1
2875,1
2876,1
2877,1
2878,1
2879,0
2880,1
2881,0
2882,0
2883,1
2884,1
2885,1
2886,0
2887,1
2888,1
2889,1
2890,1
2891,0
2892,1
2893,1
2894,1
2895,1
2896,1
2897,0
2898,1
2899,1
2900,1
2901,1
2902,1
2903,1
2904,1
2905,0
2906,1
2907,1
2908,0
2909,0
2910,1
2911,1
2912,0
2913,0
2914,1
2915,0
2916,1
2917,1
2918,0
2919,0
2920,0
2921,0
2922,1
2923,0
2924,1
2925,1
2926,1
2927,1
2928,0
2929,1
2930,1
2931,1
2932,1
2933,1
2934,1
2935,0
2936,1
2937,1
2938,1
2939,1
2940,1
2941,1
2942,1
2943,1
2944,0
2945,1
2946,1
2947,1
2948,1
2949,1
2950,1
2951,1
2952,1
2953,1
2954,0
2955,1
2956,1
2957,1
2958,1
2959,1
2960,0
2961,1
2962,0
2963,1
2964,1
2965,0
2966,1
2967,1
2968,1
2969,0
2970,1
2971,1
2972,1
2973,1
2974,0
2975,0
2976,0
2977,1
2978,1
2979,1
2980,1
2981,1
2982,1
2983,0
2984,1
2985,1
2986,1
2987,1
2988,1
2989,1
2990,0
2991,0
2992,1
2993,1
2994,0
2995,1
2996,1
2997,1
2998,1
2999,1
3000,0
3001,0
3002,1
3003,1
3004,1
3005,1
3006,1
3007,0
3008,0
3009,1
3010,0
3011,1
3012,1
3013,1
3014,0
3015,0
3016,1
3017,1
3018,1
3019,1
3020,0
3021,0
3022,0
3023,1
3024,1
3025,0
3026,1
3027,1
3028,1
3029,1
3030,1
3031,0
3032,1
3033,0
3034,1
3035,0
3036,0
3037,1
3038,0
3039,1
3040,1
3041,1
3042,1
3043,1
3044,0
3045,1
3046,0
3047,0
3048,0
3049,1
3050,1
3051,1
3052,1
3053,1
3054,1
3055,1
3056,0
3057,1
3058,0
3059,1
3060,0
3061,1
3062,1
3063,1
3064,0
3065,1
3066,0
3067,1
3068,1
3069,0
3070,0
3071,1
3072,1
3073,0
3074,1
3075,1
3076,0
3077,1
3078,1
3079,1
3080,0
3081,0
3082,1
3083,1
3084,1
3085,0
3086,0
3087,1
3088,0
3089,1
3090,1
3091,1
3092,1
3093,1
3094,1
3095,0
3096,0
3097,1
3098,0
3099,1
3100,1
3101,1
3102,1
3103,0
3104,1
3105,1
3106,1
3107,0
3108,1
3109,1
3110,1
3111,0
3112,1
3113,0
3114,1
3115,1
3116,1
3117,1
3118,1
3119,1
3120,1
3121,1
3122,0
3123,0
3124,1
3125,1
3126,1
3127,1
3128,1
3129,1
3130,0
3131,0
3132,1
3133,1
3134,0
3135,1
3136,0
3137,0
3138,0
3139,0
3140,1
3141,1
3142,0
3143,1
3144,1
3145,1
3146,1
3147,0
3148,1
3149,1
3150,1
3151,0
3152,1
3153,1
3154,1
3155,1
3156,1
3157,0
3158,1
3159,0
3160,1
3161,1
3162,1
3163,1
3164,1
3165,1
3166,1
3167,1
3168,1
3169,0
3170,1
3171,1
3172,0
3173,1
3174,0
3175,0
3176,1
3177,0
3178,1
3179,1
3180,1
3181,0
3182,1
3183,0
3184,1
3185,1
3186,1
3187,1
3188,1
3189,1
3190,1
3191,1
3192,1
3193,1
3194,1
3195,0
3196,1
3197,1
3198,1
3199,1
3200,0
3201,1
3202,1
3203,1
3204,1
3205,1
3206,0
3207,1
3208,1
3209,1
3210,1
3211,1
3212,0
3213,1
3214,1
3215,1
3216,0
3217,0
3218,1
3219,1
3220,1
3221,1
3222,1
3223,0
3224,0
3225,0
3226,1
3227,1
3228,1
3229,1
3230,1
3231,0
3232,0
3233,1
3234,1
3235,1
3236,0
3237,0
3238,0
3239,0
3240,1
3241,1
3242,0
3243,1
3244,1
3245,1
3246,0
3247,1
3248,1
3249,1
3250,0
3251,0
3252,1
3253,1
3254,1
3255,1
3256,1
3257,1
3258,1
3259,1
3260,1
3261,1
3262,1
3263,1
3264,0
3265,1
3266,0
3267,1
3268,1
3269,1
3270,0
3271,1
3272,1
3273,1
3274,0
3275,1
3276,1
3277,1
3278,0
3279,1
3280,1
3281,1
3282,0
3283,1
3284,1
3285,0
3286,1
3287,1
3288,1
3289,1
3290,0
3291,1
3292,1
3293,1
3294,0
3295,1
3296,0
3297,1
3298,1
3299,0
3300,1
3301,0
3302,0
3303,0
3304,0
3305,1
3306,1
3307,0
3308,0
3309,1
3310,0
3311,0
3312,1
3313,1
3314,1
3315,1
3316,0
3317,0
3318,1
3319,1
3320,1
3321,1
3322,0
3323,1
3324,1
3325,1
3326,1
3327,1
3328,1
3329,0
3330,1
3331,1
3332,1
3333,1
3334,1
3335,0
3336,1
3337,0
3338,0
3339,0
3340,1
3341,0
3342,1
3343,1
3344,1
3345,1
3346,0
3347,1
3348,1
3349,1
3350,0
3351,1
3352,1
3353,1
3354,1
3355,1
3356,0
3357,1
3358,1
3359,1
3360,1
3361,1
3362,1
3363,0
3364,1
3365,1
3366,0
3367,1
3368,0
3369,1
3370,1
3371,1
3372,0
3373,1
3374,1
3375,0
3376,1
3377,1
3378,1
3379,0
3380,0
3381,1
3382,1
3383,1
3384,1
3385,1
3386,0
3387,1
3388,1
3389,1
3390,1
3391,1
3392,1
3393,1
3394,1
3395,1
3396,1
3397,1
3398,1
3399,1
3400,0
3401,0
3402,1
3403,1
3404,0
3405,1
3406,1
3407,0
3408,0
3409,0
3410,0
3411,0
3412,0
3413,1
3414,1
3415,1
3416,1
3417,1
3418,1
3419,1
3420,0
3421,1
3422,1
3423,1
3424,0
3425,0
3426,1
3427,1
3428,0
3429,1
3430,1
3431,1
3432,0
3433,0
3434,0
3435,1
3436,1
3437,1
3438,1
3439,1
3440,0
3441,0
3442,1
3443,1
3444,0
3445,1
3446,1
3447,1
3448,1
3449,0
3450,1
3451,1
3452,1
3453,1
3454,1
3455,1
3456,1
3457,1
3458,1
3459,0
3460,0
3461,0
3462,1
3463,1
3464,1
3465,0
3466,1
3467,1
3468,1
3469,1
3470,1
3471,1
3472,1
3473,1
3474,0
3475,1
3476,1
3477,1
3478,1
3479,0
3480,0
3481,1
3482,1
3483,1
3484,1
3485,1
3486,0
3487,1
3488,1
3489,0
3490,0
3491,0
3492,1
3493,0
3494,0
3495,1
3496,0
3497,0
3498,1
3499,1
3500,1
3501,0
3502,0
3503,1
3504,1
3505,1
3506,1
3507,0
3508,1
3509,0
3510,1
3511,1
3512,0
3513,1
3514,1
3515,1
3516,1
3517,1
3518,1
3519,1
3520,1
3521,1
3522,1
3523,1
3524,0
3525,1
3526,0
3527,0
3528,0
3529,1
3530,0
3531,1
3532,1
3533,1
3534,0
3535,1
3536,1
3537,0
3538,0
3539,1
3540,0
3541,1
3542,0
3543,1
3544,0
3545,1
3546,0
3547,1
3548,1
3549,0
3550,1
3551,1
3552,1
3553,0
3554,1
3555,1
3556,1
3557,1
3558,0
3559,0
3560,1
3561,1
3562,1
3563,1
3564,1
3565,1
3566,1
3567,1
3568,0
3569,1
3570,1
3571,1
3572,1
3573,1
3574,1
3575,0
3576,1
3577,1
3578,1
3579,0
3580,1
3581,1
3582,1
3583,1
3584,1
3585,1
3586,0
3587,1
3588,1
3589,1
3590,1
3591,1
3592,1
3593,0
3594,1
3595,1
3596,1
3597,1
3598,1
3599,1
3600,0
3601,1
3602,1
3603,1
3604,1
3605,1
3606,1
3607,1
3608,1
3609,1
3610,1
3611,0
3612,1
3613,1
3614,1
3615,1
3616,0
3617,1
3618,0
3619,0
3620,0
3621,1
3622,1
3623,1
3624,1
3625,0
3626,1
3627,1
3628,0
3629,1
3630,0
3631,1
3632,0
3633,1
3634,1
3635,0
3636,1
3637,0
3638,1
3639,1
3640,1
3641,1
3642,1
3643,1
3644,1
3645,0
3646,0
3647,1
3648,0
3649,0
3650,1
3651,1
3652,1
3653,1
3654,1
3655,0
3656,1
3657,1
3658,0
3659,1
3660,0
3661,0
3662,1
3663,0
3664,1
3665,1
3666,1
3667,0
3668,0
3669,1
3670,1
3671,0
3672,1
3673,1
3674,1
3675,1
3676,1
3677,0
3678,1
3679,1
3680,1
3681,1
3682,0
3683,1
3684,0
3685,1
3686,1
3687,1
3688,1
3689,1
3690,1
3691,1
3692,0
3693,1
3694,1
3695,1
3696,1
3697,1
3698,1
3699,1
3700,0
3701,1
3702,1
3703,1
3704,1
3705,1
3706,0
3707,1
3708,1
3709,1
3710,1
3711,1
3712,1
3713,0
3714,1
3715,1
3716,1
3717,1
3718,1
3719,0
3720,0
3721,1
3722,0
3723,1
3724,1
3725,1
3726,1
3727,1
3728,1
3729,1
3730,1
3731,1
3732,1
3733,1
3734,0
3735,1
3736,1
3737,1
3738,1
3739,1
3740,1
3741,1
3742,0
3743,0
3744,1
3745,1
3746,1
3747,1
3748,1
3749,1
3750,0
3751,1
3752,0
3753,1
3754,0
3755,1
3756,1
3757,0
3758,1
3759,1
3760,1
3761,1
3762,1
3763,0
3764,1
3765,1
3766,1
3767,1
3768,1
3769,1
3770,1
3771,1
3772,1
3773,1
3774,0
3775,1
3776,1
3777,1
3778,1
3779,1
3780,0
3781,1
3782,0
3783,1
3784,1
3785,1
3786,1
3787,0
3788,1
3789,1
3790,1
3791,1
3792,0
3793,1
3794,1
3795,1
3796,1
3797,1
3798,1
3799,1
3800,0
3801,0
3802,0
3803,1
3804,0
3805,1
3806,0
3807,1
3808,0
3809,1
3810,0
3811,1
3812,0
3813,1
3814,1
3815,0
3816,0
3817,0
3818,0
3819,0
3820,0
3821,1
3822,1
3823,1
3824,1
3825,1
3826,1
3827,1
3828,0
3829,1
3830,1
3831,1
3832,1
3833,0
3834,0
3835,1
3836,0
3837,0
3838,1
3839,1
3840,0
3841,1
3842,1
3843,1
3844,0
3845,1
3846,1
3847,1
3848,1
3849,1
3850,1
3851,1
3852,0
3853,1
3854,1
3855,1
3856,0
3857,0
3858,1
3859,1
3860,1
3861,0
3862,1
3863,1
3864,0
3865,1
3866,0
3867,0
3868,1
3869,1
3870,1
3871,1
3872,0
3873,1
3874,1
3875,1
3876,0
3877,1
3878,1
3879,1
3880,0
3881,1
3882,1
3883,1
3884,1
3885,0
3886,1
3887,1
3888,0
3889,0
3890,0
3891,1
3892,1
3893,1
3894,1
3895,1
3896,1
3897,1
3898,1
3899,1
3900,1
3901,1
3902,0
3903,1
3904,1
3905,1
3906,1
3907,1
3908,1
3909,0
3910,1
3911,0
3912,1
3913,1
3914,0
3915,1
3916,1
3917,1
3918,1
3919,1
3920,0
3921,1
3922,1
3923,0
3924,1
3925,1
3926,1
3927,1
3928,1
3929,1
3930,1
3931,1
3932,1
3933,0
3934,0
3935,1
3936,1
3937,1
3938,0
3939,1
3940,1
3941,0
3942,1
3943,0
3944,1
3945,1
3946,1
3947,0
3948,1
3949,0
3950,1
3951,0
3952,1
3953,1
3954,1
3955,1
3956,0
3957,1
3958,1
3959,0
3960,1
3961,1
3962,0
3963,0
3964,1
3965,1
3966,1
3967,1
3968,0
3969,1
3970,1
3971,1
3972,1
3973,1
3974,1
3975,1
3976,1
3977,1
3978,1
3979,1
3980,1
3981,1
3982,1
3983,1
3984,1
3985,1
3986,1
3987,1
3988,1
3989,0
3990,1
3991,1
3992,1
3993,0
3994,1
3995,0
3996,1
3997,1
3998,0
3999,1
4000,1
4001,1
4002,1
4003,0
4004,0
4005,1
4006,1
4007,1
4008,1
4009,1
4010,1
4011,1
4012,1
4013,1
4014,1
4015,1
4016,1
4017,1
4018,1
4019,1
4020,1
4021,1
4022,1
4023,1
4024,1
4025,0
4026,1
4027,1
4028,1
4029,1
4030,1
4031,0
4032,0
4033,0
4034,1
4035,0
4036,1
4037,1
4038,0
4039,1
4040,0
4041,1
4042,1
4043,1
4044,1
4045,1
4046,1
4047,1
4048,1
4049,1
4050,0
4051,1
4052,1
4053,1
4054,1
4055,1
4056,0
4057,1
4058,1
4059,1
4060,1
4061,1
4062,1
4063,1
4064,1
4065,1
4066,1
4067,0
4068,1
4069,1
4070,0
4071,1
4072,0
4073,1
4074,1
4075,0
4076,1
4077,0
4078,1
4079,1
4080,1
4081,1
4082,0
4083,0
4084,1
4085,0
4086,1
4087,0
4088,0
4089,1
4090,1
4091,1
4092,0
4093,1
4094,1
4095,0
4096,1
4097,1
4098,1
4099,1
4100,1
4101,1
4102,0
4103,0
4104,1
4105,1
4106,1
4107,0
4108,0
4109,1
4110,1
4111,0
4112,1
4113,1
4114,0
4115,1
4116,1
4117,0
4118,1
4119,0
4120,1
4121,0
4122,0
4123,1
4124,1
4125,1
4126,1
4127,1
4128,0
4129,1
4130,1
4131,1
4132,1
4133,0
4134,1
4135,1
4136,1
4137,1
4138,1
4139,1
4140,1
4141,1
4142,1
4143,1
4144,0
4145,1
4146,1
4147,1
4148,0
4149,1
4150,1
4151,1
4152,1
4153,0
4154,1
4155,1
4156,0
4157,1
4158,1
4159,0
4160,1
4161,0
4162,1
4163,1
4164,0
4165,1
4166,1
4167,1
4168,0
4169,0
4170,1
4171,1
4172,0
4173,1
4174,1
4175,1
4176,1
4177,0
4178,0
4179,1
4180,0
4181,0
4182,1
4183,1
4184,1
4185,1
4186,0
4187,1
4188,1
4189,1
4190,1
4191,1
4192,1
4193,1
4194,0
4195,1
4196,1
4197,1
4198,1
4199,1
4200,1
4201,0
4202,1
4203,1
4204,1
4205,1
4206,1
4207,0
4208,1
4209,1
4210,1
4211,0
4212,1
4213,1
4214,1
4215,1
4216,1
4217,0
4218,1
4219,0
4220,0
4221,0
4222,1
4223,0
4224,0
4225,1
4226,0
4227,1
4228,0
4229,1
4230,1
4231,1
4232,0
4233,1
4234,0
4235,1
4236,1
4237,1
4238,1
4239,0
4240,1
4241,1
4242,1
4243,1
4244,1
4245,0
4246,1
4247,1
4248,0
4249,1
4250,1
4251,1
4252,1
4253,1
4254,1
4255,1
4256,0
4257,1
4258,0
4259,1
4260,1
4261,1
4262,1
4263,0
4264,1
4265,0
4266,1
4267,0
4268,0
4269,0
4270,1
4271,1
4272,0
4273,1
4274,1
4275,1
4276,1
4277,1
4278,0
4279,1
4280,0
4281,1
4282,0
4283,1
4284,0
4285,1
4286,1
4287,1
4288,1
4289,1
4290,1
4291,1
4292,1
4293,1
4294,0
4295,1
4296,1
4297,1
4298,1
4299,1
4300,1
4301,1
4302,1
4303,1
4304,1
4305,1
4306,1
4307,0
4308,1
4309,1
4310,0
4311,1
4312,0
4313,1
4314,1
4315,0
4316,1
4317,1
4318,1
4319,1
4320,0
4321,1
4322,1
4323,0
4324,1
4325,0
4326,1
4327,0
4328,1
4329,0
4330,0
4331,0
4332,0
4333,0
4334,1
4335,0
4336,1
4337,1
4338,0
4339,1
4340,0
4341,0
4342,1
4343,0
4344,0
4345,1
4346,1
4347,1
4348,0
4349,0
4350,1
4351,1
4352,1
4353,1
4354,1
4355,1
4356,1
4357,0
4358,1
4359,1
4360,0
4361,1
4362,1
4363,1
4364,0
4365,1
4366,0
4367,0
4368,1
4369,1
4370,1
4371,1
4372,1
4373,1
4374,1
4375,1
4376,1
4377,1
4378,1
4379,0
4380,1
4381,0
4382,0
4383,1
4384,0
4385,0
4386,1
4387,1
4388,1
4389,1
4390,0
4391,1
4392,1
4393,1
4394,1
4395,1
4396,1
4397,1
4398,0
4399,0
4400,0
4401,1
4402,0
4403,1
4404,1
4405,1
4406,1
4407,0
4408,1
4409,1
4410,1
4411,1
4412,1
4413,1
4414,0
4415,1
4416,0
4417,1
4418,1
4419,1
4420,1
4421,1
4422,1
4423,1
4424,1
4425,0
4426,1
4427,0
4428,1
4429,0
4430,1
4431,1
4432,1
4433,1
4434,1
4435,1
4436,1
4437,0
4438,1
4439,0
4440,0
4441,1
4442,1
4443,1
4444,1
4445,1
4446,1
4447,1
4448,0
4449,1
4450,1
4451,0
4452,1
4453,0
4454,1
4455,1
4456,0
4457,1
4458,1
4459,0
4460,1
4461,1
4462,1
4463,1
4464,1
4465,0
4466,0
4467,1
4468,1
4469,1
4470,1
4471,0
4472,1
4473,0
4474,1
4475,0
4476,1
4477,1
4478,1
4479,1
4480,1
4481,0
4482,1
4483,0
4484,1
4485,1
4486,1
4487,1
4488,1
4489,1
4490,0
4491,0
4492,1
4493,1
4494,1
4495,0
4496,0
4497,0
4498,0
4499,1
4500,1
4501,1
4502,1
4503,0
4504,1
4505,0
4506,1
4507,1
4508,0
4509,1
4510,0
4511,1
4512,1
4513,1
4514,1
4515,1
4516,1
4517,1
4518,1
4519,1
4520,1
4521,1
4522,0
4523,1
4524,0
4525,1
4526,0
4527,1
4528,0
4529,0
4530,1
4531,1
4532,1
4533,1
4534,1
4535,1
4536,1
4537,0
4538,1
4539,0
4540,0
4541,1
4542,1
4543,1
4544,1
4545,1
4546,1
4547,1
4548,0
4549,1
4550,1
4551,1
4552,1
4553,1
4554,1
4555,0
4556,0
4557,1
4558,1
4559,0
4560,0
4561,1
4562,1
4563,0
4564,1
4565,1
4566,1
4567,1
4568,0
4569,1
4570,0
4571,1
4572,0
4573,0
4574,0
4575,1
4576,1
4577,1
4578,1
4579,1
4580,0
4581,1
4582,1
4583,0
4584,1
4585,0
4586,1
4587,1
4588,1
4589,1
4590,1
4591,0
4592,1
4593,1
4594,1
4595,1
4596,1
4597,1
4598,1
4599,0
4600,0
4601,1
4602,0
4603,1
4604,0
4605,1
4606,0
4607,1
4608,0
4609,1
4610,1
4611,0
4612,1
4613,1
4614,1
4615,1
4616,0
4617,1
4618,1
4619,1
4620,0
4621,0
4622,1
4623,0
4624,1
4625,1
4626,0
4627,1
4628,1
4629,1
4630,1
4631,0
4632,1
4633,0
4634,1
4635,1
4636,1
4637,1
4638,0
4639,1
4640,1
4641,0
4642,1
4643,1
4644,1
4645,0
4646,1
4647,1
4648,1
4649,0
4650,1
4651,0
4652,1
4653,0
4654,1
4655,1
4656,1
4657,1
4658,0
4659,1
4660,0
4661,0
4662,1
4663,1
4664,0
4665,0
4666,1
4667,1
4668,1
4669,1
4670,0
4671,1
4672,1
4673,1
4674,1
4675,0
4676,0
4677,1
4678,1
4679,0
4680,0
4681,1
4682,1
4683,1
4684,1
4685,1
4686,1
4687,0
4688,0
4689,1
4690,0
4691,1
4692,1
4693,1
4694,0
4695,1
4696,0
4697,1
4698,1
4699,1
4700,1
4701,1
4702,1
4703,0
4704,0
4705,0
4706,1
4707,1
4708,1
4709,1
4710,1
4711,1
4712,1
4713,1
4714,1
4715,1
4716,0
4717,1
4718,0
4719,1
4720,1
4721,1
4722,1
4723,1
4724,1
4725,1
4726,1
4727,1
4728,1
4729,1
4730,1
4731,0
4732,1
4733,0
4734,1
4735,1
4736,1
4737,1
4738,0
4739,1
4740,1
4741,1
4742,1
4743,1
4744,1
4745,1
4746,1
4747,1
4748,1
4749,0
4750,0
4751,0
4752,1
4753,1
4754,0
4755,1
4756,1
4757,1
4758,0
4759,1
4760,1
4761,1
4762,1
4763,0
4764,1
4765,1
4766,1
4767,1
4768,1
4769,0
4770,1
4771,0
4772,0
4773,1
4774,1
4775,0
4776,0
4777,1
4778,1
4779,1
4780,0
4781,1
4782,0
4783,1
4784,1
4785,1
4786,0
4787,0
4788,1
4789,1
4790,1
4791,1
4792,1
4793,1
4794,1
4795,1
4796,1
4797,1
4798,1
4799,1
4800,1
4801,1
4802,1
4803,1
4804,0
4805,0
4806,1
4807,1
4808,1
4809,1
4810,1
4811,1
4812,0
4813,1
4814,1
4815,1
4816,1
4817,1
4818,1
4819,1
4820,1
4821,1
4822,1
4823,1
4824,1
4825,1
4826,1
4827,0
4828,1
4829,0
4830,1
4831,1
4832,1
4833,1
4834,0
4835,1
4836,1
4837,1
4838,0
4839,1
4840,0
4841,1
4842,1
4843,1
4844,0
4845,1
4846,1
4847,1
4848,0
4849,1
4850,0
4851,1
4852,0
4853,1
4854,1
4855,1
4856,1
4857,1
4858,1
4859,1
4860,1
4861,1
4862,1
4863,1
4864,0
4865,1
4866,0
4867,1
4868,1
4869,1
4870,1
4871,0
4872,1
4873,1
4874,1
4875,1
4876,0
4877,1
4878,1
4879,1
4880,1
4881,0
4882,1
4883,1
4884,1
4885,0
4886,1
4887,1
4888,1
4889,0
4890,1
4891,0
4892,1
4893,0
4894,0
4895,1
4896,1
4897,0
4898,1
4899,0
4900,0
4901,0
4902,1
4903,1
4904,1
4905,1
4906,1
4907,1
4908,1
4909,1
4910,1
4911,1
4912,1
4913,0
4914,0
4915,0
4916,1
4917,0
4918,1
4919,0
4920,0
4921,0
4922,1
4923,0
4924,1
4925,0
4926,1
4927,1
4928,1
4929,1
4930,1
4931,1
4932,0
4933,1
4934,1
4935,1
4936,1
4937,1
4938,1
4939,1
4940,1
4941,1
4942,0
4943,1
4944,1
4945,0
4946,0
4947,1
4948,1
4949,1
4950,0
4951,0
4952,1
4953,1
4954,1
4955,1
4956,1
4957,1
4958,1
4959,1
4960,1
4961,1
4962,1
4963,1
4964,1
4965,1
4966,1
4967,1
4968,1
4969,0
4970,1
4971,0
4972,0
4973,1
4974,1
4975,1
4976,0
4977,1
4978,1
4979,1
4980,1
4981,0
4982,1
4983,1
4984,1
4985,1
4986,1
4987,1
4988,1
4989,0
4990,0
4991,1
4992,1
4993,1
4994,1
4995,1
4996,1
4997,1
4998,0
4999,0
5000,1
5001,1
5002,1
5003,0
5004,1
5005,1
5006,1
5007,1
5008,1
5009,0
5010,1
5011,1
5012,1
5013,0
5014,1
5015,1
5016,0
5017,0
5018,0
5019,1
5020,0
5021,1
5022,1
5023,1
5024,1
5025,0
5026,1
5027,1
5028,0
5029,0
5030,0
5031,1
5032,1
5033,1
5034,1
5035,1
5036,1
5037,1
5038,1
5039,1
5040,0
5041,1
5042,1
5043,1
5044,0
5045,1
5046,1
5047,1
5048,1
5049,1
5050,1
5051,1
5052,1
5053,0
5054,0
5055,0
5056,1
5057,1
5058,0
5059,1
5060,1
5061,1
5062,0
5063,1
5064,1
5065,0
5066,1
5067,0
5068,0
5069,1
5070,1
5071,1
5072,0
5073,0
5074,0
5075,0
5076,1
5077,1
5078,1
5079,1
5080,0
5081,1
5082,1
5083,0
5084,1
5085,0
5086,0
5087,1
5088,1
5089,1
5090,1
5091,1
5092,1
5093,1
5094,1
5095,0
5096,1
5097,0
5098,1
5099,1
5100,1
5101,0
5102,1
5103,0
5104,0
5105,0
5106,0
5107,0
5108,1
5109,1
5110,1
5111,1
5112,0
5113,1
5114,1
5115,1
5116,0
5117,1
5118,1
5119,1
5120,1
5121,1
5122,1
5123,1
5124,0
5125,1
5126,1
5127,0
5128,1
5129,1
5130,1
5131,0
5132,0
5133,1
5134,1
5135,1
5136,0
5137,1
5138,1
5139,1
5140,0
5141,1
5142,0
5143,1
5144,1
5145,1
5146,1
5147,0
5148,1
5149,1
5150,1
5151,1
5152,1
5153,0
5154,1
5155,1
5156,0
5157,0
5158,1
5159,0
5160,0
5161,1
5162,1
5163,1
5164,1
5165,0
5166,1
5167,1
5168,0
5169,1
5170,0
5171,1
5172,1
5173,0
5174,1
5175,0
5176,1
5177,1
5178,0
5179,1
5180,0
5181,1
5182,1
5183,1
5184,1
5185,1
5186,1
5187,0
5188,1
5189,0
5190,1
5191,1
5192,0
5193,0
5194,0
5195,0
5196,1
5197,1
5198,0
5199,1
5200,1
5201,1
5202,1
5203,0
5204,1
5205,0
5206,1
5207,1
5208,0
5209,1
5210,1
5211,1
5212,1
5213,1
5214,1
5215,1
5216,0
5217,1
5218,1
5219,1
5220,1
5221,1
5222,1
5223,1
5224,0
5225,1
5226,1
5227,1
5228,1
5229,1
5230,1
5231,1
5232,1
5233,1
5234,1
5235,1
5236,0
5237,0
5238,1
5239,1
5240,1
5241,1
5242,0
5243,1
5244,1
5245,1
5246,1
5247,1
5248,1
5249,1
5250,1
5251,1
5252,1
5253,1
5254,0
5255,1
5256,1
5257,1
5258,1
5259,1
5260,1
5261,1
5262,1
5263,1
5264,0
5265,0
5266,1
5267,1
5268,1
5269,1
5270,1
5271,1
5272,1
5273,1
5274,0
5275,1
5276,1
5277,1
5278,0
5279,1
5280,0
5281,0
5282,1
5283,1
5284,0
5285,1
5286,1
5287,0
5288,1
5289,1
5290,0
5291,1
5292,1
5293,1
5294,1
5295,0
5296,0
5297,1
5298,0
5299,1
5300,1
5301,1
5302,1
5303,1
5304,1
5305,1
5306,1
5307,1
5308,1
5309,0
5310,1
5311,0
5312,1
5313,1
5314,1
5315,1
5316,1
5317,1
5318,1
5319,1
5320,1
5321,0
5322,1
5323,1
5324,1
5325,1
5326,1
5327,1
5328,1
5329,0
5330,0
5331,1
5332,0
5333,0
5334,0
5335,1
5336,0
5337,1
5338,0
5339,0
5340,0
5341,0
5342,1
5343,1
5344,0
5345,1
5346,1
5347,0
5348,1
5349,0
5350,0
5351,1
5352,1
5353,1
5354,1
5355,1
5356,1
5357,1
5358,1
5359,0
5360,0
5361,1
5362,0
5363,0
5364,0
5365,1
5366,1
5367,1
5368,1
5369,1
5370,1
5371,1
5372,1
5373,1
5374,1
5375,0
5376,0
5377,1
5378,1
5379,0
5380,1
5381,1
5382,0
5383,0
5384,0
5385,1
5386,0
5387,1
5388,1
5389,1
5390,1
5391,0
5392,1
5393,0
5394,1
5395,0
5396,1
5397,1
5398,1
5399,0
5400,1
5401,1
5402,0
5403,1
5404,1
5405,1
5406,0
5407,1
5408,0
5409,0
5410,1
5411,1
5412,1
5413,0
5414,1
5415,0
5416,0
5417,0
5418,1
5419,1
5420,1
5421,1
5422,1
5423,0
5424,1
5425,0
5426,0
5427,1
5428,1
5429,1
5430,1
5431,1
5432,1
5433,1
5434,0
5435,1
5436,1
5437,1
5438,0
5439,1
5440,1
5441,1
5442,1
5443,1
5444,0
5445,1
5446,0
5447,1
5448,1
5449,1
5450,1
5451,1
5452,1
5453,1
5454,1
5455,1
5456,0
5457,0
5458,1
5459,0
5460,1
5461,0
5462,1
5463,0
5464,1
5465,1
5466,1
5467,0
5468,1
5469,0
5470,1
5471,1
5472,1
5473,0
5474,1
5475,1
5476,1
5477,1
5478,0
5479,0
5480,0
5481,0
5482,1
5483,1
5484,0
5485,0
5486,1
5487,1
5488,1
5489,1
5490,1
5491,1
5492,1
5493,1
5494,1
5495,1
5496,0
5497,1
5498,0
5499,1
5500,1
5501,1
5502,1
5503,1
5504,1
5505,1
5506,1
5507,1
5508,1
5509,1
5510,1
5511,1
5512,1
5513,1
5514,0
5515,1
5516,1
5517,1
5518,1
5519,0
5520,1
5521,1
5522,1
5523,1
5524,1
5525,0
5526,0
5527,1
5528,1
5529,0
5530,1
5531,0
5532,1
5533,1
5534,1
5535,1
5536,1
5537,1
5538,1
5539,1
5540,1
5541,1
5542,0
5543,1
5544,1
5545,1
5546,1
5547,1
5548,1
5549,1
5550,1
5551,1
5552,1
5553,1
5554,0
5555,1
5556,1
5557,1
5558,0
5559,1
5560,0
5561,0
5562,1
5563,1
5564,1
5565,0
5566,1
5567,1
5568,1
5569,1
5570,0
5571,1
5572,1
5573,1
5574,1
5575,1
5576,1
5577,1
5578,1
5579,1
5580,1
5581,1
5582,1
5583,1
5584,0
5585,1
5586,0
5587,1
5588,1
5589,0
5590,1
5591,1
5592,1
5593,0
5594,1
5595,0
5596,1
5597,0
5598,1
5599,1
5600,1
5601,0
5602,0
5603,0
5604,1
5605,1
5606,1
5607,1
5608,1
5609,1
5610,0
5611,1
5612,0
5613,0
5614,1
5615,1
5616,1
5617,0
5618,1
5619,1
5620,1
5621,1
5622,1
5623,1
5624,1
5625,1
5626,1
5627,1
5628,1
5629,0
5630,0
5631,1
5632,1
5633,1
5634,0
5635,1
5636,0
5637,1
5638,1
5639,1
5640,1
5641,1
5642,1
5643,1
5644,1
5645,1
5646,0
5647,1
5648,0
5649,0
5650,1
5651,0
5652,1
5653,1
5654,1
5655,1
5656,1
5657,0
5658,0
5659,1
5660,0
5661,0
5662,1
5663,0
5664,1
5665,0
5666,0
5667,0
5668,0
5669,1
5670,1
5671,0
5672,0
5673,0
5674,1
5675,1
5676,0
5677,0
5678,1
5679,1
5680,1
5681,1
5682,0
5683,0
5684,1
5685,1
5686,0
5687,1
5688,1
5689,1
5690,0
5691,0
5692,1
5693,0
5694,0
5695,1
5696,0
5697,1
5698,0
5699,1
5700,1
5701,1
5702,0
5703,0
5704,1
5705,1
5706,1
5707,1
5708,1
5709,1
5710,1
5711,1
5712,1
5713,0
5714,0
5715,1
5716,1
5717,0
5718,1
5719,0
5720,1
5721,0
5722,1
5723,0
5724,0
5725,0
5726,1
5727,1
5728,1
5729,1
5730,1
5731,0
5732,1
5733,0
5734,1
5735,1
5736,1
5737,1
5738,1
5739,1
5740,1
5741,0
5742,0
5743,1
5744,1
5745,0
5746,0
5747,0
5748,1
5749,1
5750,1
5751,1
5752,1
5753,1
5754,1
5755,0
5756,1
5757,1
5758,1
5759,1
5760,1
5761,1
5762,1
5763,1
5764,1
5765,0
5766,0
5767,1
5768,0
5769,1
5770,1
5771,0
5772,0
5773,0
5774,1
5775,1
5776,1
5777,1
5778,1
5779,0
5780,0
5781,1
5782,1
5783,1
5784,1
5785,1
5786,1
5787,1
5788,0
5789,0
5790,1
5791,1
5792,0
5793,1
5794,0
5795,1
5796,0
5797,0
5798,1
5799,0
5800,0
5801,0
5802,1
5803,1
5804,1
5805,1
5806,0
5807,0
5808,1
5809,1
5810,0
5811,0
5812,1
5813,0
5814,0
5815,0
5816,0
5817,0
5818,0
5819,1
5820,1
5821,1
5822,0
5823,1
5824,0
5825,1
5826,1
5827,1
5828,1
5829,1
5830,1
5831,1
5832,0
5833,0
5834,1
5835,0
5836,1
5837,1
5838,1
5839,0
5840,0
5841,0
5842,1
5843,1
5844,1
5845,1
5846,1
5847,1
5848,0
5849,0
5850,1
5851,1
5852,1
5853,1
5854,1
5855,1
5856,1
5857,1
5858,0
5859,1
5860,1
5861,1
5862,0
5863,0
5864,0
5865,1
5866,1
5867,1
5868,1
5869,0
5870,1
5871,0
5872,0
5873,1
5874,0
5875,1
5876,1
5877,1
5878,1
5879,1
5880,1
5881,1
5882,1
5883,1
5884,1
5885,1
5886,1
5887,1
5888,1
5889,1
5890,1
5891,1
5892,1
5893,0
5894,1
5895,0
5896,1
5897,1
5898,1
5899,0
5900,1
5901,1
5902,1
5903,1
5904,1
5905,1
5906,1
5907,0
5908,1
5909,1
5910,0
5911,0
5912,1
5913,1
5914,0
5915,0
5916,0
5917,1
5918,1
5919,1
5920,1
5921,1
5922,0
5923,0
5924,1
5925,1
5926,1
5927,0
5928,1
5929,1
5930,1
5931,1
5932,1
5933,0
5934,0
5935,1
5936,1
5937,1
5938,1
5939,0
5940,0
5941,1
5942,1
5943,1
5944,1
5945,0
5946,1
5947,1
5948,0
5949,1
5950,0
5951,1
5952,0
5953,1
5954,1
5955,0
5956,1
5957,0
5958,1
5959,1
5960,1
5961,1
5962,0
5963,0
5964,1
5965,1
5966,1
5967,1
5968,1
5969,1
5970,1
5971,1
5972,1
5973,1
5974,0
5975,1
5976,0
5977,1
5978,1
5979,0
5980,1
5981,0
5982,1
5983,0
5984,1
5985,1
5986,1
5987,1
5988,0
5989,1
5990,1
5991,1
5992,1
5993,0
5994,1
5995,1
5996,1
5997,1
5998,0
5999,1
6000,1
6001,0
6002,0
6003,1
6004,0
6005,0
6006,0
6007,1
6008,1
6009,0
6010,1
6011,0
6012,1
6013,1
6014,1
6015,0
6016,1
6017,1
6018,1
6019,1
6020,1
6021,0
6022,1
6023,0
6024,1
6025,1
6026,0
6027,1
6028,1
6029,1
6030,1
6031,1
6032,1
6033,1
6034,1
6035,1
6036,1
6037,1
6038,0
6039,1
6040,1
6041,1
6042,1
6043,0
6044,0
6045,1
6046,1
6047,0
6048,1
6049,1
6050,0
6051,1
6052,0
6053,1
6054,1
6055,1
6056,0
6057,1
6058,1
6059,1
6060,0
6061,1
6062,0
6063,1
6064,0
6065,1
6066,1
6067,1
6068,0
6069,1
6070,1
6071,0
6072,1
6073,1
6074,1
6075,1
6076,1
6077,1
6078,1
6079,1
6080,1
6081,1
6082,1
6083,0
6084,1
6085,0
6086,1
6087,1
6088,0
6089,0
6090,1
6091,1
6092,0
6093,1
6094,1
6095,1
6096,0
6097,1
6098,1
6099,1
6100,0
6101,1
6102,1
6103,1
6104,1
6105,1
6106,1
6107,1
6108,1
6109,1
6110,0
6111,1
6112,0
6113,1
6114,1
6115,1
6116,0
6117,1
6118,1
6119,1
6120,0
6121,1
6122,1
6123,1
6124,1
6125,0
6126,0
6127,1
6128,1
6129,1
6130,1
6131,0
6132,0
6133,1
6134,1
6135,1
6136,0
6137,1
6138,1
6139,0
6140,0
6141,1
6142,0
6143,1
6144,1
6145,1
6146,1
6147,1
6148,1
6149,1
6150,1
6151,1
6152,0
6153,1
6154,1
6155,0
6156,0
6157,1
6158,0
6159,0
6160,1
6161,1
6162,1
6163,1
6164,1
6165,0
6166,1
6167,1
6168,1
6169,0
6170,0
6171,1
6172,1
6173,1
6174,1
6175,1
6176,0
6177,1
6178,1
6179,1
6180,0
6181,1
6182,1
6183,1
6184,1
6185,0
6186,1
6187,0
6188,1
6189,0
6190,0
6191,1
6192,1
6193,0
6194,1
6195,1
6196,0
6197,1
6198,0
6199,1
6200,1
6201,1
6202,0
6203,0
6204,1
6205,1
6206,1
6207,0
6208,1
6209,0
6210,1
6211,0
6212,1
6213,0
6214,1
6215,0
6216,1
6217,1
6218,1
6219,1
6220,0
6221,1
6222,1
6223,1
6224,0
6225,0
6226,0
6227,1
6228,0
6229,1
6230,1
6231,1
6232,1
6233,1
6234,1
6235,0
6236,0
6237,0
6238,0
6239,1
6240,0
6241,1
6242,1
6243,0
6244,1
6245,0
6246,1
6247,1
6248,0
6249,1
6250,1
6251,0
6252,1
6253,1
6254,1
6255,0
6256,1
6257,0
6258,1
6259,1
6260,1
6261,0
6262,1
6263,0
6264,1
6265,1
6266,1
6267,1
6268,1
6269,0
6270,1
6271,1
6272,1
6273,1
6274,1
6275,0
6276,1
6277,1
6278,1
6279,0
6280,1
6281,0
6282,1
6283,1
6284,0
6285,1
6286,0
6287,0
6288,1
6289,1
6290,1
6291,1
6292,1
6293,1
6294,1
6295,1
6296,0
6297,1
6298,1
6299,1
6300,1
6301,1
6302,1
6303,0
6304,1
6305,0
6306,0
6307,1
6308,0
6309,1
6310,1
6311,1
6312,1
6313,0
6314,1
6315,1
6316,1
6317,0
6318,1
6319,1
6320,1
6321,1
6322,1
6323,0
6324,1
6325,1
6326,1
6327,1
6328,1
6329,1
6330,1
6331,0
6332,1
6333,0
6334,0
6335,1
6336,0
6337,0
6338,1
6339,0
6340,1
6341,1
6342,1
6343,1
6344,0
6345,1
6346,1
6347,0
6348,1
6349,1
6350,0
6351,0
6352,1
6353,1
6354,0
6355,1
6356,0
6357,1
6358,0
6359,1
6360,1
6361,1
6362,1
6363,0
6364,1
6365,1
6366,1
6367,1
6368,1
6369,1
6370,0
6371,1
6372,0
6373,1
6374,1
6375,0
6376,1
6377,1
6378,1
6379,1
6380,0
6381,1
6382,1
6383,1
6384,1
6385,1
6386,1
6387,1
6388,1
6389,1
6390,0
6391,0
6392,0
6393,1
6394,0
6395,0
6396,1
6397,1
6398,1
6399,1
6400,1
6401,1
6402,0
6403,1
6404,1
6405,1
6406,0
6407,1
6408,1
6409,1
6410,1
6411,0
6412,0
6413,1
6414,1
6415,0
6416,1
6417,1
6418,1
6419,0
6420,1
6421,0
6422,1
6423,0
6424,1
6425,0
6426,1
6427,1
6428,1
6429,0
6430,0
6431,1
6432,0
6433,1
6434,1
6435,0
6436,1
6437,1
6438,1
6439,0
6440,1
6441,1
6442,0
6443,1
6444,1
6445,1
6446,1
6447,1
6448,1
6449,1
6450,0
6451,1
6452,1
6453,1
6454,1
6455,1
6456,0
6457,0
6458,1
6459,1
6460,1
6461,1
6462,1
6463,0
6464,1
6465,1
6466,1
6467,0
6468,1
6469,1
6470,1
6471,1
6472,1
6473,1
6474,1
6475,1
6476,1
6477,1
6478,1
6479,1
6480,1
6481,1
6482,1
6483,0
6484,1
6485,1
6486,0
6487,1
6488,1
6489,1
6490,1
6491,0
6492,1
6493,1
6494,1
6495,0
6496,1
6497,0
6498,0
6499,0
6500,1
6501,1
6502,1
6503,0
6504,1
6505,1
6506,1
6507,0
6508,1
6509,0
6510,1
6511,1
6512,1
6513,0
6514,1
6515,0
6516,0
6517,1
6518,1
6519,1
6520,1
6521,1
6522,1
6523,0
6524,1
6525,1
6526,1
6527,1
6528,0
6529,1
6530,0
6531,1
6532,0
6533,0
6534,1
6535,1
6536,1
6537,1
6538,1
6539,1
6540,1
6541,1
6542,1
6543,1
6544,1
6545,1
6546,1
6547,1
6548,1
6549,0
6550,1
6551,1
6552,1
6553,0
6554,0
6555,1
6556,1
6557,1
6558,1
6559,1
6560,0
6561,0
6562,0
6563,0
6564,0
6565,1
6566,1
6567,1
6568,1
6569,1
6570,0
6571,1
6572,1
6573,0
6574,1
6575,0
6576,0
6577,1
6578,1
6579,1
6580,1
6581,1
6582,0
6583,1
6584,1
6585,1
6586,1
6587,1
6588,1
6589,0
6590,1
6591,1
6592,1
6593,1
6594,1
6595,1
6596,1
6597,1
6598,1
6599,1
6600,1
6601,0
6602,1
6603,1
6604,0
6605,0
6606,1
6607,1
6608,1
6609,0
6610,1
6611,0
6612,0
6613,1
6614,0
6615,1
6616,1
6617,1
6618,0
6619,1
6620,1
6621,0
6622,1
6623,1
6624,1
6625,0
6626,1
6627,1
6628,0
6629,1
6630,1
6631,1
6632,0
6633,1
6634,0
6635,1
6636,1
6637,1
6638,1
6639,1
6640,0
6641,0
6642,1
6643,1
6644,1
6645,1
6646,1
6647,1
6648,0
6649,1
6650,1
6651,0
6652,0
6653,0
6654,1
6655,0
6656,1
6657,1
6658,0
6659,1
6660,1
6661,0
6662,1
6663,0
6664,1
6665,0
6666,1
6667,1
6668,1
6669,0
6670,0
6671,1
6672,1
6673,1
6674,0
6675,1
6676,1
6677,1
6678,1
6679,1
6680,1
6681,0
6682,0
6683,1
6684,1
6685,1
6686,1
6687,0
6688,1
6689,1
6690,1
6691,0
6692,1
6693,1
6694,1
6695,1
6696,1
6697,0
6698,1
6699,1
6700,1
6701,0
6702,0
6703,1
6704,1
6705,1
6706,0
6707,1
6708,1
6709,0
6710,1
6711,1
6712,1
6713,1
6714,1
6715,0
6716,1
6717,1
6718,0
6719,0
6720,0
6721,1
6722,1
6723,1
6724,0
6725,1
6726,1
6727,1
6728,1
6729,1
6730,0
6731,1
6732,1
6733,1
6734,0
6735,1
6736,1
6737,1
6738,1
6739,1
6740,0
6741,0
6742,1
6743,1
6744,1
6745,1
6746,1
6747,1
6748,1
6749,0
6750,1
6751,0
6752,1
6753,0
6754,0
6755,0
6756,0
6757,1
6758,1
6759,1
6760,1
6761,1
6762,1
6763,1
6764,0
6765,0
6766,1
6767,1
6768,1
6769,1
6770,0
6771,1
6772,0
6773,1
6774,1
6775,1
6776,1
6777,1
6778,1
6779,1
6780,1
6781,0
6782,1
6783,1
6784,1
6785,1
6786,1
6787,1
6788,1
6789,1
6790,1
6791,1
6792,1
6793,1
6794,1
6795,1
6796,1
6797,1
6798,0
6799,1
6800,0
6801,1
6802,1
6803,0
6804,1
6805,0
6806,1
6807,1
6808,1
6809,1
6810,1
6811,1
6812,1
6813,1
6814,1
6815,1
6816,1
6817,1
6818,1
6819,1
6820,1
6821,1
6822,1
6823,1
6824,1
6825,1
6826,1
6827,1
6828,1
6829,0
6830,0
6831,1
6832,0
6833,1
6834,1
6835,1
6836,1
6837,1
6838,1
6839,0
6840,1
6841,1
6842,0
6843,1
6844,1
6845,0
6846,0
6847,1
6848,0
6849,0
6850,0
6851,1
6852,1
6853,1
6854,0
6855,1
6856,0
6857,1
6858,0
6859,1
6860,1
6861,0
6862,1
6863,1
6864,0
6865,1
6866,0
6867,1
6868,1
6869,0
6870,1
6871,1
6872,1
6873,1
6874,0
6875,0
6876,1
6877,0
6878,0
6879,0
6880,1
6881,0
6882,1
6883,1
6884,0
6885,0
6886,0
6887,1
6888,1
6889,1
6890,0
6891,1
6892,0
6893,1
6894,0
6895,0
6896,0
6897,1
6898,1
6899,1
6900,1
6901,1
6902,1
6903,1
6904,0
6905,1
6906,0
6907,0
6908,1
6909,1
6910,0
6911,1
6912,1
6913,1
6914,1
6915,1
6916,1
6917,1
6918,1
6919,1
6920,1
6921,1
6922,1
6923,0
6924,0
6925,1
6926,0
6927,1
6928,0
6929,0
6930,1
6931,1
6932,1
6933,1
6934,1
6935,1
6936,0
6937,1
6938,1
6939,1
6940,0
6941,1
6942,0
6943,1
6944,1
6945,1
6946,1
6947,0
6948,0
6949,1
6950,0
6951,1
6952,1
6953,0
6954,1
6955,0
6956,1
6957,1
6958,1
6959,1
6960,1
6961,0
6962,0
6963,1
6964,1
6965,0
6966,1
6967,1
6968,1
6969,1
6970,0
6971,1
6972,0
6973,1
6974,1
6975,1
6976,1
6977,0
6978,1
6979,1
6980,1
6981,1
6982,1
6983,1
6984,1
6985,1
6986,0
6987,1
6988,0
6989,1
6990,1
6991,1
6992,0
6993,0
6994,1
6995,1
6996,0
6997,1
6998,1
6999,1
7000,0
7001,1
7002,1
7003,1
7004,1
7005,0
7006,1
7007,1
7008,0
7009,1
7010,1
7011,0
7012,1
7013,1
7014,1
7015,1
7016,0
7017,1
7018,1
7019,1
7020,1
7021,0
7022,1
7023,1
7024,0
7025,0
7026,1
7027,1
7028,1
7029,1
7030,0
7031,1
7032,0
7033,1
7034,1
7035,1
7036,1
7037,1
7038,1
7039,1
7040,1
7041,1
7042,1
7043,1
7044,1
7045,0
7046,1
7047,1
7048,1
7049,0
7050,1
7051,1
7052,1
7053,1
7054,1
7055,1
7056,1
7057,1
7058,0
7059,0
7060,0
7061,1
7062,1
7063,1
7064,1
7065,1
7066,1
7067,0
7068,0
7069,1
7070,1
7071,1
7072,1
7073,1
7074,1
7075,1
7076,1
7077,0
7078,1
7079,1
7080,0
7081,0
7082,1
7083,1
7084,0
7085,1
7086,1
7087,1
7088,1
7089,1
7090,1
7091,1
7092,1
7093,1
7094,1
7095,1
7096,0
7097,1
7098,1
7099,1
7100,1
7101,1
7102,1
7103,1
7104,1
7105,1
7106,1
7107,1
7108,1
7109,0
7110,1
7111,0
7112,1
7113,0
7114,0
7115,1
7116,0
7117,1
7118,0
7119,1
7120,0
7121,1
7122,0
7123,1
7124,1
7125,0
7126,1
7127,1
7128,1
7129,0
7130,1
7131,0
7132,1
7133,1
7134,1
7135,1
7136,1
7137,0
7138,1
7139,1
7140,1
7141,0
7142,1
7143,1
7144,1
7145,0
7146,1
7147,1
7148,1
7149,1
7150,1
7151,0
7152,0
7153,0
7154,1
7155,1
7156,1
7157,0
7158,1
7159,1
7160,0
7161,0
7162,1
7163,0
7164,1
7165,0
7166,0
7167,1
7168,0
7169,1
7170,0
7171,0
7172,1
7173,1
7174,1
7175,0
7176,0
7177,1
7178,1
7179,0
7180,1
7181,1
7182,1
7183,1
7184,0
7185,1
7186,1
7187,0
7188,1
7189,1
7190,1
7191,1
7192,1
7193,1
7194,1
7195,1
7196,1
7197,1
7198,1
7199,1
7200,1
7201,1
7202,1
7203,1
7204,1
7205,1
7206,0
7207,1
7208,1
7209,1
7210,1
7211,1
7212,1
7213,1
7214,1
7215,1
7216,1
7217,1
7218,1
7219,1
7220,1
7221,1
7222,1
7223,1
7224,0
7225,1
7226,1
7227,1
7228,1
7229,1
7230,0
7231,0
7232,1
7233,1
7234,1
7235,0
7236,0
7237,0
7238,1
7239,1
7240,1
7241,0
7242,1
7243,1
7244,1
7245,1
7246,0
7247,1
7248,1
7249,1
7250,0
7251,0
7252,1
7253,0
7254,1
7255,0
7256,1
7257,1
7258,1
7259,1
7260,1
7261,0
7262,1
7263,1
7264,1
7265,1
7266,1
7267,1
7268,1
7269,1
7270,1
7271,1
7272,1
7273,0
7274,1
7275,0
7276,1
7277,1
7278,1
7279,1
7280,0
7281,1
7282,1
7283,1
7284,1
7285,1
7286,1
7287,1
7288,1
7289,1
7290,1
7291,1
7292,1
7293,0
7294,0
7295,1
7296,1
7297,1
7298,1
7299,0
7300,0
7301,1
7302,1
7303,1
7304,0
7305,1
7306,1
7307,1
7308,0
7309,1
7310,1
7311,1
7312,1
7313,1
7314,0
7315,1
7316,0
7317,1
7318,0
7319,1
7320,1
7321,0
7322,1
7323,0
7324,1
7325,1
7326,1
7327,1
7328,1
7329,1
7330,1
7331,1
7332,0
7333,1
7334,0
7335,0
7336,1
7337,1
7338,1
7339,0
7340,1
7341,0
7342,0
7343,0
7344,0
7345,1
7346,0
7347,1
7348,1
7349,0
7350,1
7351,0
7352,1
7353,1
7354,1
7355,1
7356,1
7357,1
7358,1
7359,1
7360,0
7361,1
7362,0
7363,1
7364,1
7365,1
7366,0
7367,1
7368,1
7369,1
7370,1
7371,1
7372,1
7373,1
7374,1
7375,0
7376,1
7377,1
7378,1
7379,1
7380,1
7381,0
7382,1
7383,1
7384,1
7385,1
7386,0
7387,1
7388,1
7389,1
7390,1
7391,1
7392,0
7393,0
7394,1
7395,1
7396,1
7397,0
7398,1
7399,1
7400,1
7401,1
7402,0
7403,1
7404,1
7405,0
7406,1
7407,0
7408,1
7409,0
7410,1
7411,0
7412,1
7413,0
7414,1
7415,1
7416,0
7417,0
7418,1
7419,1
7420,0
7421,1
7422,1
7423,1
7424,0
7425,1
7426,0
7427,0
7428,1
7429,1
7430,1
7431,1
7432,1
7433,1
7434,1
7435,1
7436,1
7437,0
7438,1
7439,1
7440,1
7441,0
7442,0
7443,1
7444,1
7445,0
7446,0
7447,0
7448,0
7449,1
7450,1
7451,1
7452,1
7453,1
7454,1
7455,0
7456,1
7457,0
7458,1
7459,1
7460,0
7461,1
7462,1
7463,1
7464,1
7465,1
7466,1
7467,1
7468,0
7469,1
7470,1
7471,1
7472,0
7473,1
7474,0
7475,1
7476,1
7477,1
7478,1
7479,1
7480,1
7481,1
7482,1
7483,0
7484,1
7485,1
7486,0
7487,1
7488,1
7489,1
7490,1
7491,1
7492,0
7493,1
7494,1
7495,0
7496,0
7497,1
7498,1
7499,0
7500,0
7501,0
7502,1
7503,0
7504,1
7505,0
7506,1
7507,1
7508,0
7509,1
7510,1
7511,0
7512,1
7513,1
7514,0
7515,1
7516,1
7517,0
7518,1
7519,0
7520,1
7521,1
7522,1
7523,1
7524,1
7525,1
7526,1
7527,1
7528,1
7529,1
7530,0
7531,0
7532,1
7533,1
7534,1
7535,0
7536,1
7537,1
7538,0
7539,0
7540,1
7541,1
7542,0
7543,0
7544,1
7545,0
7546,1
7547,1
7548,1
7549,1
7550,1
7551,1
7552,1
7553,1
7554,1
7555,1
7556,1
7557,0
7558,0
7559,1
7560,1
7561,1
7562,0
7563,1
7564,0
7565,0
7566,1
7567,0
7568,0
7569,0
7570,1
7571,1
7572,0
7573,1
7574,0
7575,0
7576,0
7577,1
7578,1
7579,1
7580,1
7581,1
7582,1
7583,1
7584,0
7585,1
7586,0
7587,0
7588,1
7589,1
7590,0
7591,0
7592,1
7593,1
7594,0
7595,1
7596,1
7597,1
7598,1
7599,1
7600,0
7601,1
7602,1
7603,0
7604,0
7605,1
7606,1
7607,1
7608,1
7609,1
7610,0
7611,1
7612,1
7613,1
7614,1
7615,1
7616,1
7617,1
7618,1
7619,0
7620,1
7621,1
7622,1
7623,1
7624,1
7625,1
7626,1
7627,0
7628,1
7629,1
7630,1
7631,1
7632,1
7633,0
7634,1
7635,1
7636,0
7637,1
7638,0
7639,1
7640,1
7641,1
7642,1
7643,0
7644,0
7645,0
7646,1
7647,1
7648,0
7649,1
7650,0
7651,0
7652,1
7653,0
7654,1
7655,1
7656,1
7657,1
7658,1
7659,1
7660,1
7661,1
7662,1
7663,1
7664,1
7665,0
7666,1
7667,1
7668,0
7669,0
7670,1
7671,1
7672,0
7673,1
7674,0
7675,0
7676,0
7677,1
7678,1
7679,1
7680,1
7681,0
7682,1
7683,0
7684,1
7685,1
7686,1
7687,1
7688,0
7689,1
7690,0
7691,1
7692,1
7693,0
7694,0
7695,1
7696,1
7697,1
7698,1
7699,0
7700,1
7701,1
7702,1
7703,1
7704,0
7705,0
7706,1
7707,1
7708,0
7709,0
7710,0
7711,0
7712,1
7713,1
7714,1
7715,1
7716,0
7717,0
7718,1
7719,1
7720,1
7721,1
7722,1
7723,0
7724,1
7725,1
7726,0
7727,1
7728,1
7729,1
7730,1
7731,0
7732,1
7733,1
7734,0
7735,0
7736,1
7737,1
7738,0
7739,1
7740,1
7741,1
7742,1
7743,1
7744,0
7745,1
7746,1
7747,1
7748,0
7749,0
7750,1
7751,0
7752,0
7753,1
7754,1
7755,0
7756,0
7757,0
7758,0
7759,1
7760,1
7761,1
7762,1
7763,0
7764,1
7765,1
7766,0
7767,1
7768,0
7769,0
7770,1
7771,1
7772,1
7773,0
7774,1
7775,1
7776,1
7777,0
7778,0
7779,1
7780,1
7781,1
7782,1
7783,0
7784,1
7785,1
7786,1
7787,1
7788,1
7789,1
7790,0
7791,1
7792,1
7793,0
7794,0
7795,1
7796,1
7797,1
7798,0
7799,1
7800,1
7801,1
7802,1
7803,1
7804,1
7805,0
7806,1
7807,0
7808,0
7809,1
7810,1
7811,0
7812,0
7813,1
7814,1
7815,1
7816,1
7817,1
7818,1
7819,1
7820,1
7821,1
7822,1
7823,0
7824,1
7825,0
7826,1
7827,1
7828,1
7829,1
7830,0
7831,1
7832,0
7833,1
7834,1
7835,1
7836,1
7837,0
7838,1
7839,0
7840,1
7841,1
7842,0
7843,1
7844,0
7845,0
7846,0
7847,1
7848,1
7849,0
7850,0
7851,1
7852,1
7853,1
7854,1
7855,1
7856,0
7857,0
7858,1
7859,1
7860,0
7861,1
7862,1
7863,1
7864,1
7865,0
7866,1
7867,1
7868,1
7869,1
7870,1
7871,0
7872,0
7873,1
7874,1
7875,1
7876,1
7877,0
7878,1
7879,1
7880,1
7881,0
7882,1
7883,0
7884,0
7885,1
7886,0
7887,1
7888,1
7889,1
7890,1
7891,0
7892,0
7893,1
7894,1
7895,0
7896,1
7897,0
7898,1
7899,1
7900,1
7901,1
7902,0
7903,1
7904,1
7905,1
7906,1
7907,1
7908,1
7909,0
7910,1
7911,0
7912,0
7913,1
7914,1
7915,1
7916,0
7917,1
7918,1
7919,1
7920,1
7921,1
7922,1
7923,0
7924,1
7925,0
7926,1
7927,0
7928,1
7929,1
7930,1
7931,1
7932,1
7933,1
7934,1
7935,1
7936,1
7937,0
7938,1
7939,1
7940,1
7941,1
7942,0
7943,0
7944,0
7945,1
7946,0
7947,1
7948,1
7949,1
7950,1
7951,1
7952,1
7953,1
7954,1
7955,1
7956,0
7957,1
7958,1
7959,0
7960,1
7961,1
7962,1
7963,1
7964,1
7965,1
7966,1
7967,1
7968,1
7969,0
7970,1
7971,0
7972,1
7973,0
7974,1
7975,1
7976,0
7977,1
7978,0
7979,1
7980,1
7981,1
7982,1
7983,1
7984,0
7985,1
7986,0
7987,1
7988,1
7989,1
7990,1
7991,1
7992,1
7993,1
7994,1
7995,1
7996,1
7997,0
7998,0
7999,1
8000,1
8001,0
8002,0
8003,1
8004,1
8005,1
8006,1
8007,1
8008,1
8009,1
8010,1
8011,0
8012,1
8013,1
8014,0
8015,0
8016,1
8017,0
8018,0
8019,1
8020,0
8021,0
8022,0
8023,1
8024,0
8025,1
8026,1
8027,1
8028,0
8029,1
8030,1
8031,1
8032,1
8033,1
8034,0
8035,0
8036,0
8037,1
8038,0
8039,1
8040,0
8041,0
8042,1
8043,1
8044,1
8045,1
8046,1
8047,1
8048,1
8049,0
8050,0
8051,1
8052,0
8053,0
8054,1
8055,0
8056,1
8057,1
8058,1
8059,1
8060,1
8061,1
8062,1
8063,1
8064,1
8065,1
8066,0
8067,1
8068,1
8069,1
8070,1
8071,1
8072,1
8073,1
8074,1
8075,1
8076,1
8077,1
8078,1
8079,1
8080,1
8081,1
8082,0
8083,1
8084,0
8085,1
8086,1
8087,1
8088,0
8089,1
8090,0
8091,0
8092,1
8093,1
8094,1
8095,1
8096,1
8097,1
8098,1
8099,0
8100,0
8101,0
8102,1
8103,1
8104,1
8105,1
8106,0
8107,1
8108,0
8109,0
8110,1
8111,0
8112,1
8113,0
8114,0
8115,1
8116,1
8117,1
8118,1
8119,0
8120,1
8121,1
8122,1
8123,1
8124,0
8125,1
8126,1
8127,1
8128,0
8129,1
8130,1
8131,0
8132,1
8133,1
8134,1
8135,1
8136,1
8137,0
8138,1
8139,0
8140,1
8141,1
8142,1
8143,1
8144,0
8145,0
8146,1
8147,1
8148,1
8149,1
8150,1
8151,0
8152,1
8153,1
8154,1
8155,0
8156,1
8157,1
8158,1
8159,1
8160,1
8161,1
8162,1
8163,0
8164,1
8165,0
8166,1
8167,1
8168,0
8169,1
8170,1
8171,1
8172,0
8173,1
8174,1
8175,1
8176,1
8177,1
8178,1
8179,1
8180,0
8181,1
8182,1
8183,1
8184,1
8185,1
8186,1
8187,0
8188,1
8189,1
8190,1
8191,1
8192,1
8193,1
8194,1
8195,0
8196,1
8197,1
8198,1
8199,1
8200,1
8201,1
8202,1
8203,1
8204,1
8205,1
8206,0
8207,1
8208,1
8209,1
8210,1
8211,0
8212,1
8213,1
8214,0
8215,1
8216,1
8217,1
8218,0
8219,1
8220,1
8221,1
8222,1
8223,1
8224,1
8225,1
8226,1
8227,1
8228,1
8229,1
8230,1
8231,0
8232,1
8233,1
8234,0
8235,1
8236,0
8237,1
8238,1
8239,1
8240,1
8241,1
8242,1
8243,1
8244,0
8245,1
8246,1
8247,1
8248,1
8249,0
8250,1
8251,1
8252,1
8253,1
8254,1
8255,1
8256,0
8257,0
8258,1
8259,0
8260,1
8261,1
8262,1
8263,1
8264,1
8265,1
8266,1
8267,1
8268,1
8269,0
8270,1
8271,1
8272,1
8273,1
8274,1
8275,1
8276,0
8277,1
8278,0
8279,1
8280,1
8281,1
8282,1
8283,1
8284,0
8285,1
8286,0
8287,1
8288,1
8289,0
8290,1
8291,1
8292,0
8293,1
8294,1
8295,1
8296,0
8297,1
8298,1
8299,1
8300,0
8301,1
8302,1
8303,0
8304,0
8305,1
8306,0
8307,1
8308,1
8309,1
8310,1
8311,0
8312,0
8313,1
8314,0
8315,1
8316,1
8317,1
8318,1
8319,1
8320,1
8321,1
8322,1
8323,0
8324,1
8325,1
8326,1
8327,1
8328,1
8329,1
8330,1
8331,1
8332,0
8333,0
8334,1
8335,1
8336,0
8337,1
8338,1
8339,1
8340,1
8341,1
8342,1
8343,1
8344,0
8345,1
8346,0
8347,1
8348,1
8349,1
8350,0
8351,1
8352,1
8353,1
8354,1
8355,0
8356,1
8357,1
8358,1
8359,1
8360,1
8361,1
8362,1
8363,1
8364,1
8365,1
8366,1
8367,1
8368,0
8369,1
8370,1
8371,0
8372,1
8373,1
8374,1
8375,1
8376,1
8377,1
8378,1
8379,1
8380,1
8381,1
8382,1
8383,0
8384,1
8385,1
8386,1
8387,0
8388,1
8389,0
8390,1
8391,1
8392,1
8393,1
8394,1
8395,1
8396,1
8397,0
8398,0
8399,1
8400,0
8401,1
8402,0
8403,1
8404,1
8405,1
8406,1
8407,1
8408,0
8409,1
8410,1
8411,1
8412,0
8413,1
8414,1
8415,1
8416,0
8417,1
8418,1
8419,0
8420,1
8421,1
8422,1
8423,1
8424,1
8425,1
8426,0
8427,1
8428,1
8429,0
8430,0
8431,1
8432,0
8433,1
8434,1
8435,1
8436,1
8437,0
8438,0
8439,1
8440,1
8441,1
8442,1
8443,1
8444,1
8445,1
8446,1
8447,1
8448,0
8449,1
8450,1
8451,0
8452,1
8453,1
8454,0
8455,0
8456,1
8457,0
8458,0
8459,1
8460,0
8461,1
8462,1
8463,1
8464,1
8465,1
8466,1
8467,1
8468,1
8469,1
8470,1
8471,0
8472,0
8473,1
8474,1
8475,0
8476,1
8477,1
8478,1
8479,1
8480,0
8481,0
8482,0
8483,1
8484,0
8485,0
8486,0
8487,0
8488,1
8489,0
8490,1
8491,1
8492,0
8493,1
8494,1
8495,1
8496,1
8497,1
8498,1
8499,1
8500,1
8501,1
8502,0
8503,1
8504,1
8505,0
8506,0
8507,1
8508,1
8509,1
8510,1
8511,1
8512,0
8513,1
8514,0
8515,1
8516,1
8517,0
8518,0
8519,1
8520,0
8521,1
8522,1
8523,0
8524,0
8525,1
8526,1
8527,0
8528,1
8529,0
8530,1
8531,0
8532,1
8533,1
8534,0
8535,1
8536,0
8537,1
8538,1
8539,1
8540,0
8541,0
8542,1
8543,0
8544,0
8545,0
8546,1
8547,1
8548,1
8549,0
8550,1
8551,1
8552,1
8553,0
8554,1
8555,0
8556,1
8557,1
8558,1
8559,1
8560,1
8561,1
8562,1
8563,1
8564,1
8565,1
8566,1
8567,1
8568,1
8569,0
8570,1
8571,1
8572,1
8573,0
8574,1
8575,1
8576,1
8577,1
8578,1
8579,0
8580,0
8581,1
8582,1
8583,0
8584,1
8585,1
8586,0
8587,1
8588,0
8589,0
8590,1
8591,1
8592,0
8593,1
8594,0
8595,1
8596,0
8597,1
8598,0
8599,0
8600,0
8601,1
8602,0
8603,1
8604,1
8605,1
8606,1
8607,1
8608,1
8609,1
8610,1
8611,1
8612,0
8613,0
8614,1
8615,0
8616,1
8617,0
8618,0
8619,1
8620,0
8621,1
8622,1
8623,1
8624,1
8625,1
8626,0
8627,1
8628,1
8629,1
8630,0
8631,0
8632,1
8633,1
8634,1
8635,1
8636,0
8637,1
8638,1
8639,1
8640,0
8641,1
8642,0
8643,0
8644,0
8645,0
8646,1
8647,1
8648,0
8649,0
8650,0
8651,0
8652,1
8653,1
8654,1
8655,1
8656,0
8657,0
8658,1
8659,0
8660,1
8661,1
8662,1
8663,0
8664,1
8665,1
8666,1
8667,1
8668,0
8669,1
8670,1
8671,1
8672,1
8673,1
8674,1
8675,0
8676,1
8677,0
8678,1
8679,0
8680,1
8681,1
8682,1
8683,0
8684,1
8685,1
8686,1
8687,1
8688,1
8689,0
8690,0
8691,1
8692,1
8693,0
8694,0
8695,1
8696,1
8697,1
8698,1
8699,1
8700,1
8701,0
8702,1
8703,0
8704,0
8705,1
8706,1
8707,1
8708,0
8709,1
8710,1
8711,0
8712,0
8713,1
8714,1
8715,0
8716,1
8717,1
8718,1
8719,0
8720,1
8721,0
8722,1
8723,1
8724,1
8725,1
8726,1
8727,1
8728,0
8729,1
8730,1
8731,1
8732,1
8733,1
8734,0
8735,1
8736,1
8737,1
8738,1
8739,0
8740,1
8741,1
8742,1
8743,1
8744,0
8745,0
8746,1
8747,1
8748,1
8749,1
8750,0
8751,1
8752,1
8753,0
8754,0
8755,1
8756,0
8757,1
8758,0
8759,0
8760,1
8761,0
8762,1
8763,1
8764,1
8765,0
8766,1
8767,1
8768,1
8769,0
8770,0
8771,0
8772,0
8773,1
8774,1
8775,1
8776,0
8777,1
8778,1
8779,0
8780,1
8781,1
8782,1
8783,0
8784,1
8785,1
8786,1
8787,1
8788,1
8789,1
8790,1
8791,1
8792,1
8793,0
8794,1
8795,1
8796,0
8797,1
8798,1
8799,0
8800,0
8801,0
8802,1
8803,0
8804,0
8805,1
8806,1
8807,1
8808,1
8809,1
8810,1
8811,0
8812,1
8813,1
8814,0
8815,0
8816,1
8817,1
8818,0
8819,1
8820,1
8821,0
8822,1
8823,1
8824,1
8825,1
8826,1
8827,0
8828,0
8829,0
8830,0
8831,1
8832,1
8833,0
8834,1
8835,1
8836,0
8837,1
8838,1
8839,1
8840,1
8841,1
8842,1
8843,1
8844,1
8845,1
8846,1
8847,1
8848,0
8849,0
8850,1
8851,0
8852,1
8853,1
8854,1
8855,1
8856,1
8857,1
8858,1
8859,1
8860,1
8861,1
8862,0
8863,0
8864,1
8865,0
8866,1
8867,1
8868,1
8869,1
8870,1
8871,1
8872,1
8873,1
8874,1
8875,1
8876,1
8877,1
8878,1
8879,1
8880,1
8881,1
8882,1
8883,1
8884,1
8885,0
8886,1
8887,0
8888,1
8889,0
8890,1
8891,1
8892,0
8893,1
8894,0
8895,0
8896,1
8897,1
8898,1
8899,1
8900,1
8901,1
8902,0
8903,0
8904,1
8905,1
8906,0
8907,0
8908,0
8909,0
8910,0
8911,1
8912,1
8913,1
8914,0
8915,1
8916,0
8917,1
8918,1
8919,0
8920,0
8921,1
8922,1
8923,1
8924,0
8925,0
8926,1
8927,1
8928,0
8929,1
8930,1
8931,1
8932,0
8933,1
8934,0
8935,0
8936,1
8937,1
8938,1
8939,1
8940,0
8941,1
8942,0
8943,1
8944,1
8945,0
8946,0
8947,1
8948,1
8949,1
8950,0
8951,1
8952,1
8953,1
8954,1
8955,1
8956,1
8957,1
8958,1
8959,0
8960,1
8961,1
8962,1
8963,1
8964,1
8965,1
8966,1
8967,1
8968,1
8969,1
8970,1
8971,1
8972,1
8973,0
8974,0
8975,1
8976,0
8977,0
8978,1
8979,0
8980,1
8981,1
8982,1
8983,1
8984,1
8985,1
8986,1
8987,1
8988,1
8989,1
8990,1
8991,1
8992,0
8993,1
8994,0
8995,1
8996,1
8997,1
8998,1
8999,1
9000,1
9001,0
9002,0
9003,1
9004,1
9005,1
9006,0
9007,1
9008,0
9009,1
9010,0
9011,1
9012,0
9013,1
9014,1
9015,1
9016,0
9017,0
9018,1
9019,1
9020,1
9021,1
9022,1
9023,1
9024,1
9025,1
9026,1
9027,1
9028,1
9029,0
9030,0
9031,1
9032,1
9033,1
9034,1
9035,1
9036,1
9037,1
9038,0
9039,1
9040,1
9041,1
9042,1
9043,1
9044,0
9045,1
9046,0
9047,1
9048,1
9049,1
9050,0
9051,1
9052,1
9053,1
9054,1
9055,0
9056,1
9057,1
9058,1
9059,1
9060,0
9061,1
9062,1
9063,0
9064,0
9065,1
9066,1
9067,1
9068,1
9069,0
9070,1
9071,0
9072,1
9073,0
9074,1
9075,0
9076,0
9077,1
9078,1
9079,1
9080,1
9081,1
9082,0
9083,1
9084,1
9085,1
9086,0
9087,1
9088,0
9089,1
9090,1
9091,1
9092,1
9093,0
9094,1
9095,0
9096,1
9097,0
9098,0
9099,1
9100,1
9101,1
9102,0
9103,0
9104,1
9105,0
9106,1
9107,1
9108,1
9109,1
9110,1
9111,0
9112,0
9113,1
9114,1
9115,1
9116,0
9117,0
9118,1
9119,1
9120,0
9121,0
9122,1
9123,1
9124,1
9125,1
9126,0
9127,1
9128,0
9129,1
9130,1
9131,1
9132,1
9133,1
9134,0
9135,1
9136,1
9137,0
9138,1
9139,1
9140,1
9141,1
9142,0
9143,0
9144,1
9145,1
9146,1
9147,0
9148,1
9149,1
9150,0
9151,0
9152,1
9153,1
9154,1
9155,1
9156,1
9157,1
9158,1
9159,1
9160,1
9161,1
9162,0
9163,1
9164,1
9165,1
9166,0
9167,1
9168,0
9169,0
9170,1
9171,1
9172,1
9173,1
9174,1
9175,1
9176,1
9177,1
9178,1
9179,1
9180,0
9181,0
9182,0
9183,1
9184,0
9185,1
9186,1
9187,0
9188,1
9189,1
9190,1
9191,1
9192,0
9193,1
9194,1
9195,1
9196,1
9197,1
9198,1
9199,1
9200,1
9201,1
9202,1
9203,1
9204,0
9205,1
9206,1
9207,1
9208,1
9209,1
9210,1
9211,1
9212,0
9213,1
9214,1
9215,1
9216,1
9217,1
9218,1
9219,1
9220,1
9221,1
9222,1
9223,0
9224,0
9225,1
9226,1
9227,1
9228,1
9229,1
9230,0
9231,1
9232,1
9233,0
9234,1
9235,1
9236,1
9237,1
9238,0
9239,1
9240,0
9241,0
9242,1
9243,1
9244,1
9245,1
9246,0
9247,1
9248,1
9249,1
9250,1
9251,1
9252,0
9253,1
9254,1
9255,1
9256,1
9257,1
9258,1
9259,1
9260,0
9261,1
9262,1
9263,1
9264,1
9265,1
9266,1
9267,1
9268,1
9269,0
9270,1
9271,1
9272,1
9273,1
9274,1
9275,1
9276,0
9277,1
9278,1
9279,1
9280,1
9281,1
9282,0
9283,0
9284,1
9285,1
9286,1
9287,0
9288,1
9289,1
9290,0
9291,1
9292,1
9293,1
9294,1
9295,1
9296,0
9297,1
9298,1
9299,0
9300,1
9301,0
9302,1
9303,1
9304,0
9305,1
9306,0
9307,0
9308,1
9309,0
9310,1
9311,1
9312,1
9313,0
9314,1
9315,1
9316,1
9317,1
9318,1
9319,1
9320,0
9321,1
9322,1
9323,1
9324,1
9325,1
9326,1
9327,1
9328,1
9329,1
9330,1
9331,0
9332,0
9333,0
9334,1
9335,1
9336,1
9337,1
9338,1
9339,0
9340,1
9341,1
9342,1
9343,1
9344,0
9345,1
9346,1
9347,1
9348,1
9349,1
9350,0
9351,1
9352,0
9353,0
9354,1
9355,0
9356,1
9357,1
9358,1
9359,1
9360,0
9361,1
9362,1
9363,1
9364,1
9365,0
9366,1
9367,1
9368,1
9369,1
9370,1
9371,1
9372,1
9373,0
9374,1
9375,0
9376,1
9377,1
9378,0
9379,1
9380,0
9381,1
9382,0
9383,1
9384,1
9385,0
9386,0
9387,0
9388,1
9389,1
9390,0
9391,1
9392,1
9393,1
9394,1
9395,1
9396,0
9397,0
9398,0
9399,1
9400,1
9401,0
9402,0
9403,0
9404,1
9405,1
9406,1
9407,1
9408,1
9409,0
9410,1
9411,1
9412,0
9413,1
9414,1
9415,1
9416,0
9417,1
9418,1
9419,1
9420,1
9421,0
9422,1
9423,0
9424,0
9425,0
9426,0
9427,0
9428,0
9429,1
9430,1
9431,0
9432,0
9433,1
9434,0
9435,1
9436,1
9437,1
9438,1
9439,0
9440,1
9441,1
9442,1
9443,0
9444,1
9445,1
9446,0
9447,0
9448,1
9449,1
9450,1
9451,1
9452,0
9453,1
9454,0
9455,1
9456,0
9457,0
9458,1
9459,1
9460,1
9461,1
9462,1
9463,0
9464,0
9465,1
9466,1
9467,1
9468,1
9469,1
9470,1
9471,0
9472,1
9473,1
9474,0
9475,0
9476,1
9477,1
9478,0
9479,1
9480,0
9481,1
9482,1
9483,0
9484,1
9485,1
9486,1
9487,0
9488,1
9489,1
9490,1
9491,0
9492,1
9493,0
9494,1
9495,0
9496,1
9497,1
9498,1
9499,0
9500,1
9501,1
9502,0
9503,1
9504,1
9505,1
9506,1
9507,1
9508,1
9509,1
9510,1
9511,1
9512,0
9513,1
9514,1
9515,1
9516,1
9517,1
9518,1
9519,1
9520,0
9521,0
9522,0
9523,1
9524,1
9525,1
9526,1
9527,1
9528,1
9529,1
9530,0
9531,0
9532,1
9533,0
9534,0
9535,1
9536,0
9537,1
9538,1
9539,1
9540,1
9541,1
9542,0
9543,1
9544,1
9545,1
9546,0
9547,1
9548,1
9549,1
9550,0
9551,1
9552,1
9553,0
9554,1
9555,1
9556,1
9557,0
9558,1
9559,1
9560,1
9561,1
9562,1
9563,1
9564,1
9565,0
9566,1
9567,0
9568,0
9569,1
9570,0
9571,0
9572,1
9573,1
9574,1
9575,0
9576,1
9577,0
9578,0
9579,1
9580,1
9581,1
9582,1
9583,1
9584,1
9585,0
9586,0
9587,1
9588,1
9589,1
9590,1
9591,1
9592,0
9593,1
9594,1
9595,1
9596,1
9597,0
9598,1
9599,0
9600,0
9601,1
9602,1
9603,1
9604,0
9605,1
9606,1
9607,0
9608,0
9609,1
9610,1
9611,0
9612,1
9613,1
9614,1
9615,1
9616,1
9617,1
9618,1
9619,1
9620,0
9621,1
9622,1
9623,0
9624,0
9625,1
9626,0
9627,0
9628,1
9629,0
9630,0
9631,1
9632,1
9633,1
9634,1
9635,0
9636,0
9637,1
9638,1
9639,1
9640,1
9641,0
9642,0
9643,0
9644,1
9645,1
9646,0
9647,0
9648,1
9649,1
9650,1
9651,1
9652,1
9653,1
9654,0
9655,1
9656,1
9657,1
9658,1
9659,0
9660,1
9661,1
9662,1
9663,1
9664,1
9665,0
9666,1
9667,0
9668,0
9669,1
9670,1
9671,1
9672,0
9673,0
9674,0
9675,1
9676,1
9677,1
9678,1
9679,1
9680,0
9681,1
9682,0
9683,1
9684,0
9685,0
9686,0
9687,1
9688,1
9689,0
9690,0
9691,1
9692,1
9693,1
9694,1
9695,1
9696,0
9697,1
9698,1
9699,0
9700,1
9701,0
9702,1
9703,1
9704,0
9705,1
9706,1
9707,1
9708,0
9709,1
9710,1
9711,1
9712,1
9713,0
9714,1
9715,1
9716,1
9717,1
9718,0
9719,1
9720,1
9721,1
9722,0
9723,0
9724,1
9725,1
9726,1
9727,1
9728,1
9729,0
9730,1
9731,1
9732,1
9733,1
9734,0
9735,1
9736,0
9737,1
9738,1
9739,1
9740,1
9741,1
9742,1
9743,1
9744,1
9745,0
9746,1
9747,1
9748,1
9749,0
9750,1
9751,1
9752,1
9753,1
9754,0
9755,1
9756,1
9757,1
9758,1
9759,1
9760,1
9761,1
9762,1
9763,1
9764,1
9765,1
9766,1
9767,1
9768,1
9769,0
9770,1
9771,1
9772,1
9773,0
9774,1
9775,1
9776,1
9777,1
9778,1
9779,0
9780,0
9781,1
9782,1
9783,1
9784,1
9785,1
9786,1
9787,0
9788,1
9789,0
9790,1
9791,1
9792,1
9793,0
9794,1
9795,1
9796,1
9797,0
9798,0
9799,0
9800,0
9801,1
9802,0
9803,0
9804,1
9805,0
9806,1
9807,1
9808,1
9809,1
9810,1
9811,0
9812,1
9813,0
9814,0
9815,1
9816,1
9817,0
9818,1
9819,0
9820,0
9821,1
9822,1
9823,1
9824,0
9825,1
9826,0
9827,1
9828,0
9829,0
9830,1
9831,0
9832,1
9833,1
9834,0
9835,1
9836,1
9837,0
9838,0
9839,1
9840,1
9841,1
9842,0
9843,1
9844,1
9845,1
9846,0
9847,1
9848,1
9849,0
9850,1
9851,1
9852,1
9853,1
9854,1
9855,1
9856,1
9857,1
9858,0
9859,0
9860,1
9861,1
9862,1
9863,0
9864,0
9865,1
9866,0
9867,0
9868,0
9869,1
9870,1
9871,0
9872,1
9873,0
9874,1
9875,1
9876,0
9877,1
9878,1
9879,1
9880,1
9881,1
9882,1
9883,1
9884,0
9885,1
9886,1
9887,1
9888,1
9889,1
9890,0
9891,0
9892,0
9893,1
9894,1
9895,1
9896,1
9897,0
9898,0
9899,1
9900,0
9901,1
9902,1
9903,0
9904,1
9905,1
9906,1
9907,0
9908,0
9909,0
9910,1
9911,1
9912,0
9913,1
9914,1
9915,1
9916,1
9917,0
9918,1
9919,1
9920,0
9921,1
9922,1
9923,1
9924,1
9925,1
9926,1
9927,1
9928,1
9929,1
9930,0
9931,1
9932,0
9933,1
9934,1
9935,0
9936,1
9937,1
9938,1
9939,0
9940,1
9941,0
9942,1
9943,1
9944,1
9945,1
9946,0
9947,1
9948,1
9949,1
9950,1
9951,1
9952,1
9953,1
9954,0
9955,0
9956,1
9957,1
9958,0
9959,1
9960,0
9961,1
9962,0
9963,1
9964,1
9965,0
9966,1
9967,0
9968,1
9969,1
9970,1
9971,0
9972,1
9973,1
9974,0
9975,0
9976,1
9977,1
9978,1
9979,1
9980,1
9981,0
9982,1
9983,0
9984,0
9985,1
9986,1
9987,1
9988,1
9989,1
9990,1
9991,0
9992,1
9993,1
9994,0
9995,0
9996,1
9997,1
9998,0
9999,1
10000,1
