0.0727865
0.0415765
0.3327
0.768931
0.886477
0.769868
0.573976
0.273428
0.220066
0.73149
0.852055
0.621517
0.329928
0.944691
0.561514
0.00147665
0.943562
0.284891
0.933901
0.595361
0.937018
0.134141
0.950489
0.0259201
0.939368
0.148201
0.534781
0.671166
0.987899
0.964249
0.0437569
0.991615
0.481688
0.968326
0.678307
0.428761
0.208683
0.635901
0.92676
0.0221947
0.00970609
0.99678
0.404631
0.00267681
0.436717
0.941522
0.841552
0.400605
0.677508
0.714905
0.170867
0.91839
0.13555
0.00182454
0.0575207
0.764208
0.571405
0.932135
0.479412
0.91346
0.905772
0.753785
0.363263
0.789136
0.934802
0.991446
0.0651301
0.940603
0.0710735
0.780569
0.982559
0.0435432
0.593994
0.634835
0.852247
0.0262113
0.935866
0.835051
0.872523
0.675629
0.943185
0.611038
0.824355
0.404667
0.681619
0.983682
0.671938
0.999873
0.149513
0.0349665
0.215716
0.163295
0.000788875
0.814407
0.921001
0.0370356
0.00107855
0.978922
0.439778
0.830427
0.171804
0.36187
0.898173
0.903221
0.274531
0.25774
0.899416
0.968659
0.472437
0.0106549
0.101477
0.0103365
0.670592
0.351892
0.187035
0.265024
0.108037
0.648158
0.746573
0.961531
0.971383
0.2692
0.595951
0.609407
0.279691
0.948012
0.714514
0.870422
0.933437
0.302738
0.442806
0.998365
0.199106
0.0830065
0.978063
0.782096
0.784027
0.594539
0.408784
0.44151
0.407403
0.491284
0.990289
0.924657
0.0685644
0.94025
0.942866
0.0476961
0.535435
0.949208
0.160561
0.0134941
0.0108434
0.90437
0.839795
0.056105
0.207088
0.956868
0.175936
0.817868
0.230846
0.887591
0.983044
0.143586
0.000611892
0.998366
0.687367
0.90108
0.481062
0.222732
0.194243
0.909425
0.384872
0.387421
0.527358
0.74653
0.310532
0.00668651
0.73317
0.549766
0.866946
0.8869
6.23252e-06
0.887859
0.799732
0.79668
0.349628
0.941034
0.0848375
0.350157
0.182478
0.55817
0.120537
0.0404612
0.999676
0.814284
0.615031
0.0724689
0.370982
0.0565112
0.37937
0.98307
0.982428
0.288712
0.91699
0.118272
0.275839
0.974872
0.596682
0.905576
0.873376
0.94347
0.256188
0.913544
0.401133
0.88119
0.345967
0.560156
7.30979e-05
0.977086
0.269408
0.261191
0.755474
0.00838275
0.557378
0.0332541
0.199385
0.0836062
0.358137
0.327319
0.0282014
0.346864
0.999708
0.499701
0.865637
0.773783
0.969781
0.598428
0.183036
0.370903
0.673483
0.598365
0.050721
0.000842622
0.74776
0.147597
0.915939
0.16431
0.208393
0.0565867
0.618872
0.0320256
0.00561966
0.909888
0.875616
0.27693
0.246505
0.0547375
0.00197044
0.99449
0.136392
0.0733169
0.997446
0.966313
0.841813
0.735169
2.43603e-05
0.98878
0.0260934
0.90848
0.980339
0.0111507
0.879423
0.401544
0.740062
0.636122
0.952915
0.688139
0.275216
0.0621864
0.935588
0.987902
0.119276
0.977808
0.696824
0.808809
0.0135301
0.924862
0.000222824
0.94702
0.478638
0.732281
0.995593
0.371235
0.667187
0.295561
0.816374
0.0996514
0.994677
0.70981
0.0190583
0.98079
0.991765
0.979119
0.963642
0.86316
0.948291
0.578715
0.954415
0.900352
0.877005
0.590668
0.947154
0.263863
0.861445
0.957406
0.554724
0.0342362
0.239462
0.13132
0.827645
0.887819
0.473346
0.0941336
0.025859
0.200305
0.718497
0.808628
0.225532
0.23808
0.0423845
0.0186024
0.0757535
0.000507884
0.00186212
0.00927605
0.0968513
0.555658
0.215231
0.986067
0.593798
0.821938
0.951204
0.00127553
0.823198
0.999593
0.583814
0.0489667
0.0190644
0.016199
0.239172
0.22559
0.671737
0.725674
0.464654
0.00703435
0.349678
0.745055
0.883924
0.978893
0.941257
0.780216
0.289004
0.707781
1.71447e-05
0.613717
0.77531
0.654812
0.763664
0.788487
0.437193
0.0947969
0.00459484
0.0677403
0.918415
0.297085
0.211603
0.425618
0.247514
0.998884
0.866575
0.829306
0.93738
0.216283
0.494219
0.0305312
0.172918
0.154896
0.657478
0.675075
0.984628
0.0376982
0.0574876
0.778723
0.854607
0.22681
0.296121
0.147957
0.074537
0.961805
0.00145216
0.927687
0.0171202
0.94836
0.302446
0.834371
0.972007
0.775082
0.993392
0.57552
0.616433
0.178771
0.676964
0.00699168
0.295464
0.52166
0.889751
0.988928
0.968706
0.472863
0.0270761
0.293957
0.0208991
0.792055
0.641755
0.0587242
0.925707
0.655264
0.540363
0.872435
0.0178092
0.922225
0.86306
0.671946
0.156619
0.848066
0.100743
0.550033
0.843483
0.931609
0.00590236
0.505992
0.482602
0.675173
0.998151
0.92221
0.163954
0.348293
0.0359217
0.822603
0.674792
0.145628
0.0973623
0.528864
0.862071
0.677081
0.287438
0.972714
0.0111898
0.978157
0.00590865
0.0248553
0.504245
0.793752
0.0579871
0.0205407
0.536518
0.219941
0.00922423
0.926389
0.0918888
0.922566
0.0487177
0.112076
0.829839
0.444762
0.0851746
0.977361
0.0568643
0.300037
0.0899072
0.946749
0.716316
0.494428
0.0660772
0.625361
0.810359
0.335777
0.93522
0.98916
0.993241
0.0158671
0.00443503
0.742598
0.0765506
0.130116
0.926389
0.253759
0.861036
0.805244
0.354406
0.303236
0.864248
0.719102
0.348472
0.0038391
0.489373
0.951647
0.577224
0.894086
0.89721
0.8687
0.867098
0.999335
0.806562
0.418748
0.0546492
0.0916163
0.149915
0.984674
0.170143
0.0685143
0.229857
0.995675
0.122994
0.972212
0.903502
0.0434268
0.590086
0.0303246
0.0784697
0.158157
0.576357
0.958528
0.965979
0.745169
0.0517545
0.362948
0.990827
0.00944324
0.358266
0.0112927
0.392198
0.802904
0.995982
0.975396
0.15849
0.139669
2.8308e-05
0.952151
0.957953
0.631127
0.0592349
0.571836
0.242297
0.5855
0.303717
0.000294687
0.0657174
0.619173
0.289444
0.965981
0.0201915
0.294927
0.362151
0.991515
0.990754
0.550266
0.469079
0.813709
0.375834
0.00381
0.00760709
0.616685
0.0238507
0.778276
0.849157
0.0476807
0.508526
0.844294
0.0897625
0.574783
0.942039
0.0768617
0.0181526
0.0128353
0.940254
0.263076
0.939358
0.0440544
0.278836
0.00353924
0.168387
0.437317
0.673312
0.651115
0.511996
0.664528
0.0102157
0.325936
0.0186386
0.946074
0.893212
0.735439
0.999303
0.992645
0.987976
0.0101763
0.287312
0.906497
0.404816
0.0699686
0.481737
0.0106874
0.82072
0.00512625
0.350612
0.0559489
0.280945
0.862123
0.968621
0.999652
0.421852
0.298538
0.705542
0.0638756
0.109678
0.302586
0.0287725
0.802193
0.0209061
0.935104
0.112712
0.0135301
0.873278
0.0557688
0.267635
0.00531832
0.0232697
0.984321
0.584056
0.928267
0.0587108
0.00833401
0.888617
0.78878
0.993562
0.825159
0.290047
0.72987
0.747501
0.901811
0.0879791
0.122216
0.0628313
0.995896
0.292729
0.00838997
0.652377
0.00982058
0.711554
0.961974
0.0171446
0.928327
0.890387
0.822632
0.38428
0.954855
0.637734
0.189182
0.617897
0.694171
0.0919555
0.771195
0.832175
0.00652113
0.0363987
0.0546378
0.00720153
0.144232
0.913437
0.611579
0.122422
0.0731492
0.935423
0.272233
0.825534
0.0508356
0.20979
0.344815
0.246066
0.00464525
0.0344452
0.585992
0.0546654
0.999877
0.789967
0.993673
0.990932
0.0125108
0.362119
0.63827
0.00921149
0.881948
0.997544
0.0506503
0.909253
0.0347409
0.846637
0.826266
0.903459
0.362667
0.212119
0.991019
0.730784
0.904329
0.257425
0.858178
0.993101
0.293855
0.249844
0.144048
0.881116
0.997359
0.183144
0.962342
0.0563868
0.00613181
0.962305
0.691923
0.0622245
0.0437094
0.22933
0.748708
0.181347
0.865815
0.754342
0.921578
0.0723343
0.159863
0.755453
0.88103
0.0650443
0.10888
0.974012
0.421236
0.954071
0.0462798
0.565573
0.961795
0.0169353
0.969971
0.0688283
0.060109
0.999018
0.96604
0.00259981
0.321324
0.737166
0.999223
0.981718
0.817938
0.996152
0.242053
0.93366
0.00139215
0.570571
0.13726
0.911573
0.943745
0.92797
0.0441726
0.988877
0.779146
0.927533
0.0399837
0.891109
0.518624
0.455457
0.962694
0.191954
0.329603
0.00983584
0.906631
0.704121
0.648642
0.4566
0.183298
0.920186
0.860007
0.0413261
0.950294
0.884384
0.00400007
0.880424
0.811619
0.0930494
0.464009
0.870527
0.883323
0.00709283
0.0882407
0.0968098
0.0125946
0.131766
0.344455
0.136869
0.996671
0.0157936
0.992419
0.958001
0.282763
0.749512
0.981421
0.703609
0.833372
0.683239
0.842184
0.438968
0.918812
0.0526508
0.968603
0.0518199
0.687668
0.0294293
0.976089
0.737712
0.117638
0.783315
0.312069
0.282137
0.355592
0.469067
0.499381
0.695416
0.970653
0.358979
0.402548
0.0684927
0.596977
0.753535
0.698008
0.979264
0.260708
0.53783
0.84146
0.669758
0.653757
0.240094
0.919737
0.998902
0.982191
0.894829
0.190806
0.136283
0.822397
0.854285
0.111598
0.359379
0.233959
0.862552
0.795597
0.960646
0.593109
0.0600593
0.0195432
0.486241
0.548858
0.00496171
0.116899
0.481745
0.96355
0.999579
0.289532
0.36566
0.722692
0.683624
0.829613
0.872022
0.26087
0.0195286
0.545077
0.706948
0.530484
0.735225
0.0369412
0.232398
0.316325
0.971032
0.0549867
0.924725
0.339475
0.837566
0.847046
0.0181019
0.994158
0.0175969
0.0240792
0.715424
0.807842
0.526132
0.0501802
0.0219835
0.525558
0.521581
0.0994896
0.710146
0.748666
0.425871
0.557631
0.0943702
0.677438
0.913413
0.090244
0.348057
0.214541
0.0994294
0.509597
0.000232969
0.278114
0.0011731
0.100818
0.486089
0.370421
0.942794
0.883399
0.815214
0.255516
0.0865477
0.0971108
0.787234
0.1691
0.148341
0.783911
0.438461
0.167163
0.85593
0.00200324
0.296
0.974468
0.972647
0.711962
0.964746
0.0146795
0.886768
0.473452
0.833951
0.757479
0.993919
0.32682
0.890009
0.0420838
0.0796141
0.43047
0.92514
0.895752
0.0209319
0.246218
0.512819
9.11398e-06
0.0342294
0.890813
0.127471
0.00325937
0.063164
0.530079
0.003324
0.0856952
0.533211
0.899094
0.150407
5.09742e-05
0.491735
0.967901
0.584085
0.186267
0.10844
0.988073
0.480349
0.0262895
0.991397
0.0156048
0.842484
0.425696
0.0305272
0.00225347
0.505626
0.845456
0.282415
0.936201
0.192451
0.707295
0.137959
0.998291
0.832889
0.937788
0.0212343
0.294582
0.10151
0.134975
