0.871939
0.973902
0.37765
0.0194156
0.247765
0.165308
0.918461
0.756278
0.842695
0.00646043
0.999115
0.384674
0.900484
0.120263
0.379816
0.901191
0.00724879
0.18031
0.977412
0.246703
0.421434
0.676755
0.907191
0.825964
0.0679946
0.598596
0.0164275
0.009796
0.00490688
0.733563
0.787152
0.632296
0.12522
0.133864
0.0424542
0.225911
0.412793
0.751685
0.183987
0.39605
0.749979
0.9656
0.814129
0.882754
0.967407
0.152009
0.317679
0.418248
0.977663
0.137755
0.429132
0.138242
0.0178802
0.107889
0.447018
0.56761
0.25349
0.567336
0.731539
0.118227
0.977742
0.231745
0.000791862
0.632225
0.180284
0.810842
0.375016
0.000526804
0.948994
0.860174
0.046189
0.934851
0.928493
0.898248
0.944284
0.00653461
0.000463418
0.997546
0.00133815
0.634897
0.254833
0.579965
0.0165501
0.629524
0.0181774
0.0836661
0.804483
0.0464987
0.13436
0.00377767
0.245
0.233235
0.00133185
0.0120896
0.0215926
0.875605
0.340817
0.323719
0.0353248
0.274701
0.322295
0.000646442
0.793403
0.988561
0.105405
0.128136
0.925315
0.122955
0.947908
0.773204
0.0518644
0.632539
0.024002
0.71333
0.342538
0.748809
0.0705149
0.712349
0.902383
0.334417
0.83623
0.844841
0.980617
0.966939
0.0169019
0.587517
0.773204
0.536968
0.820367
0.561348
0.604377
0.603019
0.757828
0.0202667
0.172008
0.999469
0.180564
0.84515
0.262762
0.994732
0.687666
0.256146
0.887576
0.863749
0.0067435
0.757044
0.924666
0.812422
0.95122
0.971252
0.989526
0.645577
0.877218
0.519377
0.950583
0.73206
0.32511
0.159959
0.999355
0.335899
0.923818
0.104755
0.603513
0.754741
0.732959
0.0250932
0.002937
0.313311
0.165544
0.0656109
0.600968
0.905167
0.578784
0.943675
0.266156
0.301677
0.95028
0.553681
0.214258
0.132755
0.588257
0.565719
0.0752086
0.235914
0.99372
0.757401
0.00858096
0.626518
0.449993
0.50698
0.0826267
0.833054
0.66332
0.773168
0.398554
0.961485
0.022398
0.939511
0.938773
0.00407151
0.965756
0.993407
0.977265
0.00796072
0.499288
0.578301
0.806763
0.691203
0.0144052
0.735572
0.965421
0.0624935
0.510334
0.551245
0.141277
0.257236
0.869985
0.368402
0.81638
0.348269
0.0053173
0.532024
0.0247618
0.988941
0.272948
0.938592
0.856738
0.787445
0.99544
0.964067
0.0113229
0.966682
0.593947
0.93493
0.539645
0.640839
0.010681
0.00448031
0.387331
0.00424875
0.11816
0.830981
0.213838
0.877848
0.44869
0.810359
0.00373376
0.208288
0.900205
0.8477
0.336992
0.638141
0.0348809
0.0276136
0.819969
0.960187
0.999093
0.832628
0.136941
0.728387
0.521884
0.0133537
0.00139634
0.166272
0.957
0.24387
0.485749
0.711159
0.0517706
0.990813
0.993158
0.0242895
0.993732
0.994468
0.839327
0.00907255
0.925538
0.242323
0.824191
0.00991286
0.929975
0.378184
0.659472
0.00926547
0.449756
0.769288
0.362085
0.86768
0.706264
0.947207
0.962531
0.0397342
0.553864
0.930924
0.0849636
0.158072
0.166887
0.410256
0.499713
0.105202
0.960483
0.0670985
0.0328399
0.0876726
0.907366
0.732853
0.00047231
0.630095
0.0332003
0.499176
0.504075
0.98396
0.862128
0.412447
0.896378
0.953432
0.524256
0.00511974
0.473289
0.98968
0.262703
0.98193
0.822344
0.988018
0.0252662
0.000563437
0.0223062
0.124601
0.094416
0.684257
0.0135185
0.417581
0.125736
0.0467291
0.104285
0.019295
0.906506
0.478267
0.850451
0.985071
0.0561459
0.00560896
0.0650941
0.420662
0.852072
0.0231992
0.982341
0.88392
0.858271
0.00359673
0.515284
0.956357
0.779764
0.950091
0.227417
0.196336
0.13975
0.691181
0.402838
0.779866
0.11361
0.154472
0.95377
0.419515
0.625628
0.665584
0.89091
0.000217512
0.524522
0.905047
0.957433
0.882162
0.103437
0.996098
0.450155
0.978362
0.0500973
0.991272
0.535844
0.189909
0.0513316
0.273043
0.853839
0.947973
0.0437664
0.969714
0.981131
0.938512
0.136902
0.515902
0.749081
0.706825
0.98956
0.83238
0.980242
0.888213
0.50489
0.0241939
0.620392
0.937796
0.838293
0.684347
0.896524
0.937106
0.353647
0.195516
0.429632
0.51599
0.366174
0.0689168
0.981498
0.892602
0.0108932
0.0407631
0.00443836
0.978435
0.356416
0.410853
0.0119633
0.692657
0.11197
0.0975008
0.984038
0.910566
0.946867
0.934535
5.03036e-05
0.636102
0.890426
0.989996
0.465972
0.822059
0.0519107
0.0057286
0.429174
0.149863
0.898392
0.938761
0.180573
0.895299
0.824197
0.535042
0.993717
0.0128569
0.761747
0.374909
0.783344
0.955454
0.956636
0.353647
0.744337
0.0305422
0.742645
0.964402
0.0608159
0.280339
0.794097
0.942115
0.900065
0.0250691
0.994622
0.0918667
0.98042
0.621611
0.0662141
0.136097
0.872375
0.874998
0.360611
0.439931
5.21382e-05
0.32154
0.671138
0.470505
0.0332393
0.885631
0.346908
0.000253807
0.748024
0.302396
0.03695
0.983419
0.521468
0.382777
0.906417
0.280181
0.378037
0.966498
0.834032
0.931302
0.881379
0.142619
0.917813
0.934184
0.995491
0.0340515
0.776474
0.990701
0.272948
0.985509
0.976057
0.650571
0.945643
0.201102
0.39633
0.831554
0.0185588
0.0322256
0.41578
0.750093
0.931529
0.673553
0.679961
0.875323
0.931279
0.94687
0.0589025
0.00257782
0.160933
9.58637e-05
0.312813
0.103014
0.0399956
0.569533
0.215584
0.807752
0.182517
0.00958943
0.758308
0.792919
0.336748
0.996388
0.0539523
0.233033
0.275204
0.0173045
0.00138444
0.770622
0.948767
0.687667
0.516817
0.001936
0.998303
0.420797
0.879917
0.176697
0.792625
0.343525
0.448736
0.000402493
0.0871712
0.0554049
0.789358
0.738203
0.414221
0.0322914
0.553416
0.0147465
0.583572
0.00246964
0.637988
0.0122043
0.945725
0.171958
0.0876414
0.0895128
0.44744
0.0221983
0.863115
5.22842e-05
0.762115
0.965826
0.0950758
0.95322
0.227383
0.610607
0.733076
0.622766
0.89211
0.0768904
0.451855
0.310465
0.805195
0.980125
0.255858
0.426289
0.802909
0.959263
0.193276
0.944638
0.47429
0.780731
0.590415
0.27994
0.880045
0.90048
0.331438
0.763006
0.237636
0.0104565
0.139271
0.834832
0.0226247
0.933508
0.91046
0.699739
0.743797
0.513977
0.941582
0.978815
0.0124056
0.442718
0.0420243
0.825636
0.0346237
0.023771
0.992398
0.981809
0.952534
0.790533
0.468054
0.894245
0.895247
0.867227
0.245999
0.367801
0.344006
0.162007
0.923085
0.0208541
0.613695
0.544402
0.886651
0.326326
0.802806
0.242268
0.00841758
0.128875
0.90932
0.918834
0.981067
0.566098
0.987221
0.314442
0.473397
0.00910833
0.977538
0.257248
0.146281
0.016432
0.0219868
0.846603
0.221395
0.994055
0.918292
0.667337
0.189701
0.946862
0.988764
0.982142
0.306698
0.969576
0.57962
0.0323325
0.499315
0.0242508
0.281314
0.610359
0.859979
0.998529
0.306155
0.491466
0.996444
0.878941
0.0319222
0.203171
0.43677
0.000728186
0.952307
0.0104953
0.525854
0.563633
0.775941
0.903853
0.956882
0.948371
0.968897
0.0619835
0.945565
0.81251
0.046783
0.530643
0.788729
0.0673981
0.331687
0.000337849
0.539821
0.00592397
0.341837
0.217892
0.815471
0.787419
0.878115
0.995289
0.507759
0.455439
0.995439
0.99918
0.0314511
0.303156
0.15858
0.882795
0.0487218
0.730423
0.000399407
0.868686
0.603139
0.742967
0.971557
0.9395
0.125663
0.697817
0.874869
0.935903
0.512451
0.0658637
0.904908
0.421486
0.0413346
0.443313
0.0542879
0.142576
0.545642
0.919229
0.875301
0.690421
0.874546
0.0267217
0.00402241
0.623182
0.723402
0.329385
0.029817
0.99074
0.729532
0.979286
0.385832
0.338517
0.974358
0.235094
0.84871
0.3197
0.971338
0.365277
0.570968
0.00613148
0.229958
0.680663
0.707688
0.23036
0.603916
0.898222
0.941424
0.9997
0.991815
0.586371
0.6459
0.228658
0.437113
0.986464
0.994925
0.00503461
0.180942
0.342277
0.95505
0.927563
0.278071
0.264656
0.598878
0.0612889
0.825695
0.0564069
0.318698
0.424045
0.544544
0.552237
0.894655
0.373996
0.144962
0.48523
0.963471
0.709783
0.812513
0.282004
0.00188562
0.292328
0.216299
0.870519
0.0133189
0.0147283
0.507037
0.000510188
0.227013
0.494877
0.722003
0.978858
0.512977
0.823789
0.882055
0.980421
0.988014
0.916895
0.642672
0.460909
0.579898
0.00513789
0.60423
0.0320955
0.953893
0.47521
0.699079
0.473315
0.969105
0.9968
0.409713
0.0211676
0.992793
0.37508
0.394642
0.942395
0.685461
0.837504
0.823752
0.0612048
0.00516735
0.601933
0.327882
0.614035
0.0037636
0.757024
0.0211245
0.870626
0.82565
0.791703
0.913065
0.973826
0.320562
0.314548
0.89831
0.966387
0.836419
0.898144
0.389554
0.982667
0.554232
0.0781561
0.995628
0.0213147
0.230248
0.29272
0.91801
0.994167
0.114465
0.592791
0.921282
0.940607
0.515105
0.0198618
0.948369
0.868284
0.919471
0.0176751
0.586919
0.29642
0.034156
0.588362
0.0729257
0.248815
0.680643
0.368961
0.00333649
0.545898
0.293039
0.0167444
0.0421449
0.924212
0.574
0.623042
0.913297
0.0637527
0.217397
0.0355721
0.486723
0.128731
0.882748
0.361318
0.711483
0.906253
0.296327
0.625896
0.996621
0.623035
0.438923
0.725385
0.0427151
0.0293043
0.996561
0.869858
0.870028
0.378471
0.99897
0.986786
0.151561
0.432774
0.925064
0.0851265
0.995278
0.0489347
0.262247
0.0397298
0.734064
0.31153
0.686752
0.010779
0.751283
0.461474
0.20951
0.282591
0.198618
0.646167
0.379739
0.781615
0.971441
0.161936
0.997502
0.931851
0.0171754
0.999682
0.10139
0.423822
0.0482587
0.400828
0.547802
0.291802
5.09045e-05
0.660127
0.251754
0.882416
0.00901521
0.440401
0.919597
0.973731
0.019851
0.00443421
0.51748
0.974521
0.958474
0.348213
0.965793
0.989836
0.999857
0.973299
0.000896487
0.367234
0.0296569
0.995019
0.506066
0.857282
0.892004
0.133055
0.399567
0.982005
0.00269393
0.978178
0.180314
0.00849144
0.790886
0.010668
0.896224
0.94779
0.159883
0.491888
3.36749e-05
0.620601
0.774411
0.00364292
0.2484
0.294637
0.0028821
0.834382
0.0918624
0.645865
0.431327
0.525056
0.810893
0.0258902
0.000189568
0.524834
0.102844
0.0930403
0.514133
0.934897
0.943304
0.916987
0.0088111
0.949773
0.692695
0.0672819
0.0046727
0.0685895
0.991669
0.227478
0.047766
0.0763969
0.119492
0.415932
0.999499
0.0442742
0.778722
0.683218
0.127103
0.0223945
0.329999
0.178433
0.0140328
0.839697
0.0907199
0.93809
0.0174954
0.873544
0.111599
0.671301
0.754978
0.914542
0.858069
0.227115
0.5443
0.751264
0.00691688
0.0746971
0.199653
0.683298
0.998656
0.538581
0.99845
0.0331248
0.164184
0.0679662
0.572531
0.767515
0.0553025
0.102472
0.949273
0.998341
0.986739
0.817746
0.0024532
0.718032
0.0608121
0.0279787
0.49537
0.994715
0.0124962
0.869333
0.349639
0.443081
0.4337
0.0104907
0.00406054
0.223461
0.011745
0.529426
0.0521741
0.949672
0.0603694
0.732286
0.00643382
0.0051977
0.520878
0.951978
0.998318
0.205018
0.943674
0.000246857
0.338881
0.8701
0.89528
0.411408
0.894517
0.220016
0.266913
6.54319e-05
0.98749
0.872886
0.489212
0.492633
0.0310895
0.842647
0.979242
0.302275
0.00778633
0.00430861
0.988135
0.00938714
0.591365
0.713906
0.769988
0.828239
0.027986
0.110915
0.968376
0.746803
0.001471
0.0352914
0.0165054
0.828052
0.0493375
0.605056
0.102192
0.0538864
0.0178816
0.687577
0.865194
0.0593879
0.981777
0.880746
0.00825522
0.645046
0.919813
0.812885
0.978608
0.0408292
0.436578
0.753565
0.0218978
0.00177397
0.976436
0.522138
0.974699
0.978654
0.970592
0.450594
0.00229518
0.44469
0.818229
0.100733
0.330971
0.34921
0.945116
0.0244512
0.942183
0.0525227
0.00315755
0.35511
0.698069
0.0508531
0.955371
0.874024
0.380732
0.932492
0.932312
0.0373799
0.23569
0.793645
0.267842
0.936926
0.604443
0.918034
0.744718
0.513679
0.435232
0.97323
0.731043
0.745469
0.353177
0.0124309
0.0365656
0.640898
0.992474
0.693665
0.989749
0.976774
0.155221
0.0293142
0.540973
0.344839
0.251354
0.000877395
0.273134
0.192199
0.0404387
0.0119637
0.946
0.421781
0.050205
0.001482
0.141326
0.898639
0.697726
0.926089
0.93596
0.0217664
0.00399404
0.931281
0.613737
0.318781
0.99574
0.358225
0.615522
0.702928
0.467537
0.841987
0.40209
0.0806547
0.407186
0.694314
0.940029
0.369364
0.00698141
0.763915
0.976479
0.0303321
0.253197
0.850921
0.136764
0.983898
0.726655
0.743042
0.234559
0.800458
0.976297
0.81948
0.284534
0.998178
0.0572463
0.870998
0.536597
0.639811
0.927373
0.966401
0.997988
0.914687
0.268457
0.923622
0.0356809
0.819208
0.879425
0.999973
0.8147
0.981395
0.934509
0.0793285
0.596858
0.968563
0.461091
0.122917
0.666841
0.891849
0.415289
0.314882
0.107361
0.475797
0.994411
0.995365
0.0628012
0.88831
0.996418
0.0341561
0.824272
0.975039
0.451865
0.120024
0.999929
0.00475088
0.508257
0.465317
0.990129
0.619009
0.901144
0.092783
0.816575
0.653891
0.0300985
0.115611
0.464704
0.0784404
0.991722
0.753049
0.990014
0.13973
0.113068
0.0126553
0.00292673
0.371932
0.637054
0.0651687
0.237024
0.968866
0.685823
0.0107828
0.109138
0.0600241
0.77545
0.994331
0.348116
0.479131
0.573561
0.37308
0.227196
0.927048
0.9873
0.987593
0.536343
0.904182
0.999138
0.842712
0.0951878
0.196011
0.0298132
0.911431
0.863704
0.98366
0.753553
0.140548
0.0763262
0.888174
0.963499
0.0252423
0.947528
0.631571
0.999176
0.949979
0.39957
0.00362445
0.997034
0.101657
0.136145
0.99118
0.0501093
0.427923
0.632933
0.994381
0.395188
0.886073
0.276691
0.810716
0.849731
0.191185
0.751955
0.823819
0.219248
0.25104
0.972233
0.570278
0.958651
0.0900676
0.00750209
0.00311365
0.46556
0.971071
0.565045
0.444065
0.0052563
0.999063
0.959085
0.0659675
0.0632844
0.0286729
0.738428
0.0352725
0.947481
0.927627
0.00168291
0.359387
0.824363
0.934879
0.910036
0.692385
0.95038
0.378315
0.780207
0.377548
0.198315
0.809815
0.652751
0.472335
0.983968
0.569886
0.734365
0.0804357
0.176158
0.198751
0.479973
0.57771
0.0394963
0.325427
0.705786
0.126023
0.605843
0.14589
0.00104285
0.793964
0.875775
0.454437
0.821098
0.451092
0.434214
0.919573
0.355356
0.655031
0.129465
0.824689
0.839881
0.0718639
0.520884
0.901821
0.119156
0.106568
0.0659892
0.880133
0.876372
0.641829
0.581544
0.768789
0.862735
0.800244
0.940158
0.753755
0.151377
0.00217074
0.830596
0.00718635
0.869588
0.208686
0.622436
0.0294947
0.952017
0.999273
0.633595
0.915081
0.166145
0.0751562
0.318884
0.541948
0.830153
0.801155
0.995955
0.90581
0.929659
0.520609
0.999406
0.107338
0.0221225
0.0215037
0.946309
0.768174
0.767821
0.416217
0.882575
0.848807
0.0549761
0.11678
0.987497
0.00252773
0.803201
0.0272475
0.627316
0.936521
0.16703
0.329244
0.973098
0.907765
0.149878
0.906243
0.000506689
0.918558
0.6768
0.0572326
0.911679
0.958927
0.757885
0.994792
0.0255851
0.990336
0.00821933
0.958738
0.911631
0.000138864
0.742172
0.890521
0.492101
0.852617
0.996442
0.00669268
0.735201
0.519289
0.66799
0.812846
0.962809
0.0585572
0.933197
0.0128435
0.347187
0.630594
0.258663
0.730882
0.133305
0.594883
0.671113
0.0366041
0.00523962
0.863224
0.202441
0.961116
0.020941
0.00598966
0.112403
0.0275086
0.979683
0.891771
0.91714
0.0434
0.364872
0.816621
0.999179
0.268735
0.866361
0.91637
0.320511
0.941311
0.486141
0.999057
0.923557
0.697892
0.382313
0.0118843
0.956104
0.0662189
0.00277876
0.968771
0.109707
0.476568
0.414337
0.968551
0.416312
0.0841638
0.0317816
0.495794
0.00181621
0.948322
0.042576
0.510273
0.736428
0.792897
0.742408
0.911035
0.127486
0.0493769
0.789285
0.0163289
0.225086
0.126954
0.755651
0.120195
0.866309
0.0834084
0.199022
0.0700002
0.9617
0.00413152
0.964479
0.744045
0.875972
0.891272
0.146142
0.113673
0.0414859
0.00639042
0.269031
0.985358
0.116614
0.161728
0.0203021
0.00014637
0.32097
0.645462
0.0466284
0.984063
0.315808
0.863601
0.191358
0.704135
0.759153
0.195052
0.917777
0.14546
0.585526
0.547825
0.0433164
0.855317
0.873185
0.000533479
0.543253
0.856876
0.994335
0.247607
0.982435
0.816453
0.979906
0.221119
0.99356
0.220329
0.995107
0.0447332
0.0172298
0.482476
0.796565
0.339501
0.937391
0.168332
0.963188
0.0212075
0.91295
0.641777
0.943971
0.992007
0.213778
0.937367
0.509514
0.988417
0.00365544
0.4777
0.320423
0.533628
0.104545
0.304606
0.693943
0.17391
0.828341
0.647942
0.351325
0.807583
0.791878
0.718007
0.731789
0.980604
0.000354966
0.969707
0.711915
0.768103
0.892013
0.605712
0.0147448
0.00886037
0.98686
0.970683
0.921331
0.735467
0.449957
0.707422
0.685844
0.866824
0.0239677
0.0797867
0.94152
0.666117
0.94297
0.833561
0.0467067
0.802272
0.846536
0.911026
0.0111181
0.0473546
0.504048
0.644111
0.884501
0.962627
0.795816
0.165368
0.787166
0.0947783
0.379572
0.502823
0.0214857
0.727888
0.986048
0.393454
0.168956
0.35488
0.966875
0.115206
0.590523
0.00109973
0.580402
0.010848
0.430614
0.818069
0.709171
0.927677
0.943838
0.607966
0.899356
0.987639
0.722299
0.957631
0.722519
0.0799731
0.0108787
0.900421
0.290729
0.118041
0.0171864
0.000780456
0.935143
0.443759
0.38212
0.814785
0.518175
0.585112
0.00280285
0.835262
0.235021
0.00404087
0.957497
0.326455
0.937511
0.91201
0.468412
0.100327
0.342462
0.889651
0.0326517
0.219933
0.435319
0.53307
0.77329
0.975235
0.00499861
0.0268316
0.0987312
0.777276
0.000137972
0.964919
0.952655
0.0545311
0.567363
0.395303
0.99665
0.129534
0.250056
0.429049
0.999723
0.960537
0.22225
0.555712
0.00272341
0.566716
0.968446
0.929381
0.444673
0.975178
0.994073
0.971623
0.0327414
0.0280738
0.77948
0.277578
0.611779
0.0857008
0.900492
0.605638
0.928955
0.878105
0.866996
0.908033
0.685105
0.881073
0.982036
0.617776
0.00775511
0.249995
0.221363
0.115798
0.771955
0.971042
0.986265
0.568134
0.00458314
0.32726
0.720971
0.0286783
0.0207023
0.519623
0.154897
0.145454
0.545511
0.961546
0.196435
0.520468
0.760883
0.908737
0.483017
0.949786
0.0904447
0.998093
0.917867
0.0175517
0.0074663
0.988085
0.00033869
0.940331
0.88971
0.524061
0.830903
0.0905839
0.707491
0.759134
0.276735
0.118374
0.558516
0.932473
0.995782
0.27684
0.838908
0.943894
0.0215033
0.000655433
0.993184
0.0400035
0.704673
0.493163
0.00657317
0.0185881
0.0693757
0.555598
0.807413
0.990504
0.0442073
0.29532
0.470968
0.775055
0.857523
0.409156
0.15051
0.0308329
0.759686
0.488346
0.959624
0.183274
0.997833
0.116605
0.707098
0.938397
0.681901
0.185662
0.267087
0.0623988
0.000658678
0.300771
0.967496
0.956546
0.0196617
0.470507
0.675588
0.521174
0.615062
0.00110371
0.999399
0.38193
0.403071
0.0296246
0.88515
0.625459
0.160988
0.000184142
0.950116
0.127652
0.920359
0.307838
0.0501342
0.885273
0.997548
0.00125991
0.330182
0.951801
0.336103
0.122339
0.117378
0.856265
0.0829087
0.850346
0.398365
0.818417
0.893908
0.417857
0.077655
0.238526
0.2699
0.921969
0.746031
0.923531
0.778207
0.751551
0.0876048
0.752284
0.989376
0.00134149
0.0545434
0.9903
0.912259
0.578584
0.936788
0.0415493
0.82337
0.884334
0.0657884
0.575655
0.58137
7.39415e-05
0.046386
0.504474
0.980002
0.423502
0.915263
0.0698393
0.770475
0.0246463
0.32049
0.878706
0.829035
0.0148963
0.622957
0.955014
0.712771
0.789622
0.407868
0.461146
0.553055
0.914156
0.911918
0.853548
0.384006
0.872219
0.18884
0.637126
0.920936
0.0524177
0.918741
0.0800144
0.0235484
0.533352
0.711596
0.131209
0.846475
0.991991
0.0132916
0.88587
0.00995434
0.523594
0.225582
0.0511814
0.418012
0.000103362
0.246931
0.542496
0.00568108
0.0404501
0.0444609
0.241692
0.536353
0.805527
0.236495
0.881071
0.472868
0.318266
0.753967
0.000872365
0.671335
0.977674
0.898297
0.931904
0.688297
0.687852
0.201644
0.00411687
0.929019
0.0220746
0.00376619
0.383165
0.157507
0.569101
0.994678
0.963184
0.143526
0.914994
0.999054
0.0426919
0.00414358
0.108014
0.80668
0.24785
0.790732
0.925518
0.162621
0.986972
0.307467
0.778826
0.000504384
0.0140395
0.80044
0.0246266
0.312404
0.0428178
0.754867
0.465371
0.691624
0.674834
0.999986
0.0563777
0.0461526
0.00928654
0.979081
0.0583536
0.945292
0.158002
0.821505
0.680028
0.00124803
0.356544
0.638572
0.99416
0.997571
0.456308
0.37247
0.484314
0.68293
0.0961129
0.936687
0.00234186
0.819225
0.613039
0.359063
0.145115
0.990956
3.34028e-06
0.069886
0.239324
0.288571
0.893061
0.956118
0.715583
0.14733
0.0447333
0.0290588
0.869545
0.0438646
0.879977
0.00137073
0.891469
0.601692
0.238357
0.880141
0.0131739
0.204844
0.459996
0.28792
0.668509
0.324761
0.122156
0.0966967
0.0305012
0.664511
0.00816636
0.0236429
0.00598998
0.499963
0.856533
0.00656869
0.00144015
0.941464
0.00402402
0.296687
0.826103
0.00381875
0.963425
0.295673
0.686012
0.061826
0.450488
0.976565
0.966256
0.712275
0.646084
0.972135
0.0319919
0.999084
0.820386
0.912295
0.859014
0.0277747
0.701335
0.0232237
0.704634
0.816276
0.931098
0.746747
0.0151032
0.922681
0.989954
0.951392
0.0013008
0.687092
0.484831
0.115533
0.961071
0.814822
0.0110006
0.422874
0.467485
0.200346
0.196233
0.957566
0.0403577
0.999859
0.37244
0.890684
0.688848
0.995327
0.670164
0.990508
0.163792
0.975091
0.650406
0.99943
0.301051
0.210283
0.175722
0.505483
0.94562
0.00288759
0.117571
0.96415
0.952324
0.108824
0.752005
0.97842
0.41779
0.781573
0.970644
0.602781
0.995267
0.186153
0.225389
0.793443
0.0575568
0.529768
0.00144235
0.00111024
0.911756
0.362941
0.00155441
0.0642873
0.0738023
0.878794
0.913386
0.000338082
0.884218
0.985369
0.869352
0.595063
0.645721
0.788193
0.19717
0.312884
0.980928
0.665909
0.121519
0.381796
0.748506
0.0687635
0.99974
0.0601319
0.290851
0.998565
0.946664
0.0305937
0.13998
0.529867
0.00734965
0.665386
0.0579521
0.0610902
0.666234
0.650359
0.922277
0.676453
0.798567
0.584498
0.874475
0.730802
0.958322
0.0405073
0.860237
0.954152
0.8344
0.0631471
0.953371
0.68956
0.946699
0.879982
0.511684
0.0555592
0.437189
0.994265
0.00665977
0.15566
0.459267
0.00397029
0.707656
0.104083
0.000807886
0.604417
0.000871381
0.915078
0.933974
0.962144
0.971509
0.004747
0.912248
0.25503
0.770576
0.789798
0.307802
0.846113
0.0508554
0.352562
0.965541
0.820277
0.142945
0.0701296
0.224504
0.00220119
0.859185
0.730349
0.127145
0.570634
0.473958
0.142948
0.451624
0.279958
0.734346
0.00155725
0.445353
0.898993
0.318637
0.00982331
0.982625
0.127266
0.175491
0.985924
0.179627
0.494234
0.71878
0.31549
0.0411049
0.00347891
0.534099
0.477879
0.406966
0.478998
0.00366632
0.0989733
0.474965
0.965036
0.985073
0.266699
0.0625574
0.16855
0.759092
0.89812
0.802469
0.950978
0.0293136
0.869676
0.0958644
0.543241
0.787284
0.000411955
0.842732
0.00598412
0.0834551
0.921391
0.00879074
0.444045
0.91175
0.904173
0.093745
0.00241134
0.0210252
0.691416
0.000492902
0.383701
0.967213
0.991566
0.0123272
0.0215107
6.42315e-06
0.17078
0.223496
0.754236
0.834265
0.9151
0.99679
0.660845
0.819627
0.532579
0.947399
0.110959
0.926643
0.149775
0.0407005
0.000299962
0.0164248
0.874812
0.690132
0.0551709
0.259272
0.416845
0.553932
0.929264
0.00285287
0.987599
0.481022
0.0362498
0.0651282
0.0754484
0.916361
0.799785
0.902369
0.00696235
0.644605
0.20251
0.368623
0.962726
0.0940177
0.71211
0.231692
0.00819932
0.628471
0.210425
0.87955
0.214141
0.995889
0.763824
0.92599
0.83324
0.752124
0.204244
0.846674
0.85779
0.000539779
0.0518055
0.401676
0.90115
0.981655
0.887839
0.162213
0.660665
0.980125
0.947085
0.90818
0.977972
0.0656888
0.256588
0.0740679
0.479615
0.911409
0.411656
0.992094
0.0276955
0.106602
0.646075
0.786025
0.156829
0.659861
0.22534
0.983118
0.979738
0.171818
0.708926
0.978878
0.831742
0.897794
0.0146612
0.285624
0.540938
0.165374
0.427046
0.951208
0.0698106
0.0010966
0.0501703
0.976096
0.92927
0.999703
0.811668
0.295409
0.992209
0.0311072
0.562461
0.171792
0.587487
0.768239
0.295242
0.0758557
0.673709
0.16972
0.000953368
0.935369
0.773313
0.845241
0.112753
0.806015
0.00494633
0.353687
0.039143
0.171955
0.249579
0.0139066
0.824356
0.848904
0.539885
0.892187
0.701192
0.281813
0.00615084
0.0208357
0.742882
0.455179
0.183931
0.0525299
0.595055
0.979716
0.923979
0.972459
0.839746
0.913267
0.667112
0.511874
0.996132
0.888856
0.71515
0.0727382
0.273905
0.329902
0.670811
0.990263
0.0331986
0.931273
0.346088
0.100743
0.149313
0.0117302
0.909943
0.336701
0.89511
0.116819
0.948526
0.0714374
0.502924
0.555313
0.457226
0.53361
0.000368132
0.880691
0.911403
0.0917863
0.972344
0.185737
0.880717
0.129199
0.997288
0.883943
0.225184
0.778406
0.0167947
0.0977307
0.117629
0.432519
0.395438
0.386059
0.208141
0.228853
0.032965
0.298504
0.95914
0.739032
0.135269
0.893414
0.407096
0.985756
0.044918
0.0474206
0.812533
0.959372
0.988452
0.753885
0.671002
0.985341
0.998527
0.749319
0.646251
0.0822754
0.564619
0.855086
0.460055
0.604278
0.0747168
0.563123
0.959834
0.772348
0.383766
0.98506
0.771192
0.0580055
0.00577168
0.219776
0.872519
0.270441
0.0801916
0.821757
0.874596
0.379851
0.871042
0.052638
0.024509
0.0252759
0.998732
0.471734
0.999737
0.104269
0.986407
0.0299763
0.123147
0.620737
0.266283
0.233727
0.587581
0.175831
0.283103
0.931208
0.684344
0.494898
0.020268
0.343417
0.961831
0.0535073
0.968518
0.761965
0.191631
0.121348
0.960499
0.7068
0.983264
0.670647
0.930761
0.728346
0.288505
0.140793
0.911924
0.289238
0.000212398
0.345618
0.964111
0.322983
0.382904
0.629307
0.446132
0.915706
0.638826
0.732797
0.692702
0.242778
0.875417
0.687487
0.26047
0.0645172
0.604154
0.490329
0.0822239
0.896165
0.593814
0.360018
0.860971
0.937826
0.0524257
0.999879
0.911159
0.902011
0.841204
0.00395237
0.0498386
0.333477
0.803665
0.926665
0.221097
0.950621
0.494842
0.861931
0.0627074
0.144886
0.790558
0.574442
0.0680108
0.012779
0.669929
0.538377
0.278582
0.998866
0.109188
0.860965
0.264009
0.604068
0.888496
0.701601
0.847844
0.0227642
0.391656
0.425447
0.967355
0.953974
0.968134
0.205399
0.133612
0.0609177
0.000530355
0.0380281
0.479589
0.880316
0.645391
0.0456011
0.972054
0.774769
0.92272
0.105813
0.203614
0.0964072
0.209763
0.00388283
0.588938
0.838511
0.995817
0.305566
0.136927
0.885783
0.213612
0.926321
0.924764
0.0383032
0.987423
0.434222
0.0132681
0.786108
0.46093
0.970392
0.134392
0.70458
0.746629
0.0334516
0.546612
0.94788
0.991885
0.637105
0.990266
0.186363
0.0325993
0.925712
0.169039
0.657112
0.870128
0.994507
0.00116534
0.955751
0.18662
0.950807
0.131646
0.89137
0.42038
0.927614
0.505175
0.00447211
0.636693
0.881438
0.892339
0.330171
0.263032
0.0625577
0.757083
0.801513
0.00707739
0.338249
0.236148
0.047169
0.764005
0.0250377
0.985994
0.967393
0.977193
0.0524166
0.629961
0.14551
0.982428
0.994047
0.0857756
0.881317
0.11922
0.975589
0.565934
0.162017
0.635643
0.000786409
0.983512
0.654939
0.333957
0.367179
0.172854
0.00547419
0.963495
0.785988
0.367064
0.63434
0.0739629
0.964137
0.562375
0.0840698
0.927588
0.968715
0.120208
0.348876
0.617518
0.527554
0.278631
0.953903
0.706606
0.877714
0.995216
0.332491
0.154924
0.969009
0.898203
0.894169
0.000135796
0.927605
0.259506
0.125331
0.972116
0.712027
0.407752
0.753367
0.0381146
0.00817958
0.735831
0.970149
0.561286
0.0607527
0.973241
0.874037
0.0300875
0.506261
0.0446318
0.143145
0.675288
0.539217
0.921918
0.00852854
0.248924
0.996149
0.171222
0.00186966
0.608209
0.366299
0.96799
0.977936
0.00604141
0.991748
0.0331095
0.651684
0.282209
0.972681
0.707098
0.738215
0.0137164
0.98973
0.00699301
0.221125
0.15153
0.391965
0.953225
0.0124249
0.974251
0.131702
0.0538925
0.682477
0.328085
0.00321509
0.97552
0.815977
0.973321
0.293264
0.0433695
0.218671
0.0500689
0.969511
0.636266
0.431144
0.0115801
0.150511
0.350454
0.749403
0.969394
0.0650834
0.738895
0.351219
0.50768
0.999939
0.992546
0.0819857
0.25891
0.0712331
0.0113172
0.404955
0.972322
0.988861
0.126749
0.315912
0.806839
0.0699011
0.542762
0.98766
0.00599019
0.994362
0.50289
0.0713216
0.283555
0.994003
0.970768
0.996295
0.986808
0.241929
0.105238
0.916334
0.160508
0.209753
0.865906
0.970801
0.365799
0.755186
0.751114
0.951008
0.854295
0.0417103
0.875318
0.0659875
0.740545
0.108445
0.0485143
0.0702211
0.261497
0.233129
0.030245
0.95741
0.196913
0.901149
0.835587
0.811213
0.867433
0.902145
0.00723659
0.463438
0.0394524
0.0076019
0.909915
0.290254
0.623991
0.175605
0.811025
0.052696
0.0438462
0.0514646
0.294266
0.727566
0.57907
0.0313356
0.0985675
0.0721705
0.00437805
0.00556632
0.530281
0.850447
0.811452
0.291769
0.0828501
0.686023
0.0384223
0.301139
0.50111
0.263825
0.179013
0.23996
0.777736
0.0527796
0.906209
0.949343
0.417356
0.956739
0.967718
0.0116825
0.00100628
0.0969601
0.309959
0.323114
0.134319
0.946516
0.945265
0.368412
0.642608
0.00122719
0.267396
0.899155
0.764915
0.0250789
0.985755
0.994411
0.301473
0.562929
0.768022
0.795804
0.998506
0.725989
0.878401
0.553697
0.997292
0.00816123
0.99262
0.609632
0.0726044
0.10669
0.0581073
0.23012
0.447897
0.366055
0.329818
0.67913
0.979383
0.770986
0.498355
0.9986
0.0245283
0.121543
0.637532
0.0464133
0.910212
0.312648
0.116009
0.189304
0.217768
0.567127
0.00742379
0.347781
0.943619
0.0868316
0.632128
0.25231
0.81415
0.024973
0.989293
0.995599
0.207508
0.982524
0.398643
0.544617
0.133453
0.560859
0.515224
0.856168
0.977253
0.303386
0.976722
0.00471644
0.377062
0.902095
0.696121
0.110769
0.934369
0.021338
0.176987
0.417183
0.846862
0.0206588
0.45253
0.8729
0.803096
0.815809
0.89806
0.361301
0.85072
0.0550734
0.920157
0.941204
0.905253
0.680182
0.878115
0.564847
0.536915
0.107222
0.992597
0.794467
0.999221
0.0461802
0.001734
0.0269334
0.90291
0.00435867
0.00742927
0.816323
0.402676
0.704916
0.998024
0.0582993
0.00637988
0.0252648
0.0327315
0.797126
0.0525285
0.311282
0.559312
0.19778
0.318129
0.864456
0.97516
0.741238
0.662737
0.000124018
0.976608
0.00351837
1.58852e-05
0.255114
0.847584
0.995286
0.851128
0.461555
0.0735187
0.0630931
0.920966
0.000146166
0.953766
0.107505
0.357736
0.0149292
0.954989
0.023407
0.677681
0.00635884
0.990851
0.000585257
0.920629
0.367025
0.724096
0.100722
0.996211
0.994247
0.830794
0.940369
0.00124451
0.0397739
0.273153
0.708156
0.998435
0.000276337
0.038237
0.178821
0.162009
0.808837
0.0245123
0.00308918
0.999107
0.524118
0.823087
0.568233
0.613293
0.209536
0.631201
0.593271
0.211798
0.112861
0.990368
0.0876388
0.776414
0.421848
0.84283
0.398765
0.573765
0.0690264
0.971765
0.778047
0.0027431
0.034471
0.372681
0.172696
0.00111172
0.134715
0.668734
0.917594
0.808153
0.918996
0.787301
0.810363
0.0419903
0.561824
0.191077
0.404042
0.246682
0.713562
0.965574
0.993396
0.0835113
0.991452
0.731176
0.0371009
0.00268028
0.984072
0.411023
0.0283551
0.83416
0.315191
0.231947
0.0264172
0.0163665
0.121729
0.344244
0.00901002
0.745441
0.970102
0.488871
0.99576
0.00337216
0.24863
0.923909
0.0695317
0.13459
0.076412
0.987123
0.90103
0.529683
0.323888
0.000453265
0.00284281
0.0746652
0.26629
0.764207
0.387063
0.0816213
0.923815
0.790384
0.88192
0.240283
0.209644
0.5625
0.414172
0.930713
0.606907
0.00265627
0.181493
0.210481
0.983184
0.613871
0.991451
0.541101
0.903161
0.0055035
0.12424
0.00822162
0.345936
0.431191
0.830076
0.595472
0.798608
0.0425541
0.97724
0.91035
0.744253
0.996894
0.632224
0.444495
0.814576
0.0663802
0.351403
0.39323
0.0837121
0.552846
0.561185
0.798593
0.523554
0.555443
0.418149
0.105841
0.963827
0.151626
0.8826
0.124145
0.184926
0.0302178
0.264355
0.918458
0.00110674
0.0139575
0.479798
0.304887
0.918506
0.271846
0.964324
0.924543
0.000754009
0.216279
0.930448
0.722731
0.780721
0.834893
0.939324
0.0131802
0.0253343
0.952403
0.970973
0.141766
0.0454466
0.0971278
0.111916
0.350248
0.0589098
0.742735
0.840025
0.322927
0.955211
0.924009
0.293118
0.0661047
0.986917
0.738836
0.230139
0.551724
0.898028
0.370931
0.966146
0.873867
0.889517
0.147289
0.115692
0.836656
0.881911
0.982278
0.0188615
0.997087
0.176965
0.551659
0.057379
0.46924
0.996804
0.834809
0.00899766
0.99101
0.718832
0.104989
0.0223157
0.6251
0.955343
0.755214
0.33368
0.503835
0.985638
0.0792182
0.0040231
0.895752
0.165297
0.278704
0.888507
0.725075
0.0140813
0.206938
0.01586
0.859094
0.881132
0.362051
0.0136264
0.999442
0.535308
0.846975
0.835424
0.0403196
0.442634
0.165004
0.132092
0.0151312
0.469427
0.0739487
0.835783
0.0748422
0.0727774
0.480902
0.0130131
0.0036828
0.847269
0.950276
0.215469
0.869812
0.0491768
0.0816384
0.922486
0.0567513
0.679203
0.207648
0.276507
0.221521
0.00498261
0.476383
0.692737
0.973028
0.112324
0.232533
0.939108
0.735871
0.043225
0.840522
0.278564
0.150907
0.737388
0.174577
0.0122476
0.00968535
0.766681
0.0695129
0.301088
0.908919
0.826496
0.96827
0.455948
0.123141
0.926297
0.0944129
0.000288759
0.999238
0.513675
0.000811632
0.996469
0.759089
0.0670064
0.938435
0.927435
0.202473
0.785113
0.199434
0.879864
0.372782
0.0372398
0.603106
4.32914e-05
0.0245284
0.0777966
0.0945301
0.744163
0.749173
0.674484
0.996387
0.787785
0.013046
0.892302
0.0658268
0.780493
0.0084673
0.612845
0.436454
0.60391
0.125972
0.707695
0.771954
0.0217724
0.792773
0.817877
0.985804
0.247563
0.737211
0.0631977
0.902924
0.657326
0.202855
0.958832
0.490826
0.852416
0.198687
0.116258
0.00869507
0.628549
0.104808
0.00816144
0.810117
0.250147
0.020416
0.128072
0.256428
0.350868
0.0463744
0.367258
0.699318
0.886303
0.149721
0.418113
0.999624
0.595319
0.998155
0.118161
0.985206
0.996153
0.354818
0.00519276
0.00140495
0.246556
0.788226
0.0218555
0.972472
0.927729
0.364421
0.354142
0.107447
0.20274
0.907753
0.256199
0.869894
0.983384
0.912718
0.0584006
0.0534725
0.0899139
0.692788
0.249077
0.972861
0.0316323
0.756768
0.919977
0.467323
0.90924
0.975736
0.5134
0.99961
0.974934
0.953171
0.13857
0.538587
0.309491
0.00112368
0.0008188
0.0453036
0.903613
0.00103581
0.443152
0.13455
0.998296
0.290641
0.629177
0.209893
0.857153
0.0492557
0.761337
0.858399
0.00255097
0.649324
0.683665
0.460204
0.707044
0.0264624
0.0441023
0.104214
0.536223
0.729749
0.718965
0.0772134
0.227747
0.881817
0.817592
0.0343264
0.0518554
0.00751425
0.973197
0.000783312
0.0322486
0.987053
0.0819741
0.140549
0.954724
0.0141588
0.366787
0.0302965
0.0203559
0.536541
0.952289
0.889817
0.647415
0.0200251
0.99733
0.10104
0.840718
0.348617
0.0360726
0.565214
0.0678549
0.888046
0.897824
0.934071
0.579969
0.804968
0.997076
0.120647
0.947666
0.927383
0.111405
0.613226
0.205229
0.949159
0.00239486
0.997105
0.00268224
0.943069
0.180612
0.69679
0.705449
0.0914481
0.0281473
0.722021
0.00379577
0.833209
0.000112294
0.900727
0.107129
0.00440764
0.0749787
0.994123
0.0180548
0.434174
0.885535
0.31022
0.86761
0.220786
0.586936
0.00593522
0.558865
0.137278
0.843121
0.851018
0.2725
0.0103391
0.0461634
0.808498
0.655468
0.997151
0.628402
0.911801
0.840401
0.991837
0.0102964
0.23178
0.68296
0.314099
0.0846995
0.629409
0.998906
0.177478
0.821237
0.872765
0.79544
0.564801
0.847638
0.885571
0.915405
0.351172
0.218749
0.600954
0.185614
0.0730069
0.994736
0.766006
0.843913
0.822531
0.482865
0.0432341
0.0666929
0.904872
0.155798
0.827479
0.945406
0.959705
0.850978
0.994649
0.342812
0.955246
0.815509
0.614364
0.964809
0.972724
0.95128
0.971738
0.966093
0.0851735
0.379253
0.366114
0.945425
0.965689
0.288819
0.964157
0.224851
0.380339
0.0700074
0.962649
0.421325
0.764368
0.160579
0.0487044
0.943387
0.285185
0.0398753
0.852791
0.184943
0.86934
0.361856
0.739497
0.980325
0.0158331
0.181404
0.0221742
0.0935315
0.712195
0.203359
0.895175
0.464643
0.879822
0.979056
0.333793
0.00820616
0.854496
0.197409
0.00727852
0.43883
0.259638
0.453742
0.209462
0.98091
0.250904
0.918604
0.600781
0.11043
0.0615589
2.42578e-05
0.216064
0.858852
0.783316
0.898811
0.59832
0.467008
0.133482
0.0294044
0.369685
0.918738
0.71829
0.134501
0.953306
0.976591
0.466987
0.785094
0.000144935
0.957224
0.41023
0.222526
0.290485
0.000316726
0.277414
0.233157
0.96199
0.823364
0.998884
0.250237
0.0645215
0.265482
0.862275
0.126105
0.688277
0.846436
0.907536
0.962189
0.210839
0.867916
0.656277
0.207454
0.16822
0.971692
0.462904
0.01592
0.966107
0.126007
0.456473
0.422886
0.937385
0.78457
0.986426
0.792544
0.142883
0.883586
0.96739
0.901052
0.376274
0.993635
0.173578
0.0432982
0.16543
0.0399127
0.960095
0.562858
0.226955
0.572295
0.858934
0.953228
0.74972
0.27894
0.83274
0.064927
0.576229
0.756946
0.938643
0.974522
0.53811
0.968443
0.0841969
0.628598
0.0538498
0.041432
0.821785
0.750182
0.988075
0.93876
0.155084
0.997709
0.983736
0.00548594
0.869376
0.267169
0.0149006
0.186708
0.477081
0.897237
0.014621
0.527365
0.474157
0.919929
0.444591
0.937468
0.0232681
0.172612
0.945863
0.998151
0.0379113
0.706926
0.183416
0.692808
0.716789
0.423754
0.884659
0.0115157
0.905449
0.998559
0.871675
0.904284
0.63301
0.0540524
0.906829
0.00538935
0.752512
0.184887
0.588949
0.917567
0.00023391
0.975124
0.887342
0.345987
0.412698
0.00428532
0.946998
0.795045
0.840075
0.897581
0.959644
0.666528
0.702121
0.0172352
0.828275
0.176937
0.995496
0.443678
0.908166
0.0648892
0.402832
0.00613982
0.668574
0.0445665
0.896596
0.512319
0.97826
0.602681
0.180987
0.660366
0.000618213
0.067159
0.254967
0.080254
0.873655
0.778064
0.261216
0.929691
0.787214
0.821532
0.247879
0.0162529
0.680199
0.999482
0.905302
0.998885
0.033334
0.684938
0.977956
0.146386
0.623847
0.993329
0.296534
0.00410244
0.988931
0.969344
0.0777618
0.219919
0.792692
0.546333
0.531145
0.498863
0.152051
0.781028
0.0132792
0.0883095
0.977469
0.966113
0.72395
0.0787687
0.00211466
0.6775
0.0546902
0.965633
0.0820908
0.83066
0.70388
0.196633
0.546307
0.433387
0.00105469
0.94737
0.992152
0.703554
0.274234
0.0238998
0.610428
0.0712874
0.601925
0.586675
0.380424
0.978934
0.000665952
0.331041
0.0357405
0.4822
0.0360842
0.994789
0.0547403
0.798715
0.974372
0.208644
0.00125631
0.191409
0.254562
0.140634
0.0427613
0.306339
0.975379
0.529508
0.877568
0.053016
0.932492
0.139026
0.32611
0.162556
0.782072
0.993607
0.830322
0.879413
0.0271089
0.995329
0.0471625
0.782551
0.00119379
0.982011
0.0447677
0.769933
0.78254
0.991628
0.877872
0.0602659
0.955596
0.0387971
0.848872
0.45447
2.51231e-06
0.998117
0.561532
0.929778
0.0426138
0.658777
0.816496
0.307375
0.918544
0.779515
0.563485
0.163282
0.987164
0.0222276
0.904087
0.620723
0.254339
0.105089
0.00660453
0.529009
0.197258
0.734252
0.954268
0.995099
0.734813
0.0140741
0.304474
0.869765
0.0862881
0.612924
0.955064
0.981442
0.756878
0.000139745
0.641069
0.333487
0.00190442
0.887258
0.998177
0.0679987
1.78172e-05
0.871867
0.471606
0.963416
0.804787
0.236685
0.806057
0.904959
0.806788
0.895775
0.832857
0.888783
0.854337
0.374258
0.12923
0.989252
0.733537
0.247841
0.994173
0.0708719
0.564065
0.907865
0.962774
0.982172
0.968811
0.894256
0.106997
0.872658
0.865444
0.736442
0.174312
0.366451
0.110658
0.129479
0.0368823
0.121684
0.895018
0.376569
0.23348
0.101971
0.0548421
0.00461993
0.975827
0.0220804
0.221385
0.993338
0.311325
0.813376
0.148868
0.813838
0.999093
0.998469
0.970695
0.993662
0.184184
0.14232
0.897983
0.944693
0.874886
0.629193
0.0126716
0.988946
0.272045
0.995113
0.736976
0.747021
0.635366
0.950837
0.000588476
0.0379412
0.0418436
0.314064
0.0384633
0.133034
0.0251735
0.00075946
0.172989
0.0195885
0.912729
0.920352
0.785947
0.474111
0.534797
0.73488
0.616759
0.540874
0.971788
0.0389583
0.105891
0.616845
0.944283
0.0382513
0.270252
0.00298933
0.968303
0.88587
0.470703
0.982197
0.135334
0.656288
0.837577
0.203483
0.254361
0.961473
0.115996
0.0476618
0.918542
0.817447
0.238964
0.592713
0.778571
0.921647
0.000966798
0.629742
0.914225
0.625228
0.69713
0.931822
0.972422
0.138736
0.0849247
0.553888
0.00184443
0.821207
0.0178594
0.0163503
0.928098
0.996449
0.547844
0.0269896
0.38165
0.992588
0.0658696
0.194473
0.859188
0.652274
0.959938
0.809232
0.581654
0.0241345
0.0172869
0.927195
0.0428868
0.93784
0.12244
0.00867059
0.506111
0.15734
0.105533
0.932753
0.0154827
0.0328808
0.0716064
0.988994
0.112282
0.847551
0.000157606
0.0288797
0.504371
0.182559
0.892183
0.733963
0.835015
0.0750901
0.103488
0.229277
0.961341
0.998833
0.800554
0.967645
0.248475
0.993104
0.20396
0.654003
0.38766
0.507654
0.0703535
0.0888157
0.989152
0.921189
0.932089
0.16657
0.742379
0.853762
0.879583
0.00212593
0.459735
0.0589363
0.115387
0.0259098
0.0139649
0.892098
0.783806
0.00532821
0.638981
0.971305
0.32551
0.997242
0.238402
0.859668
0.644714
0.0204474
0.0400232
0.182994
0.809174
0.349463
0.0107183
0.997291
0.0682341
0.174441
0.750642
0.977579
0.718472
0.579299
0.694468
0.353358
0.890494
0.586905
0.0793361
0.371673
0.13851
0.167307
0.992683
0.0392154
0.986865
0.965807
0.291847
0.992461
0.992544
0.446705
0.978715
0.0447746
0.259382
0.128078
0.580425
0.440329
0.580134
0.989021
0.874032
0.533871
0.899676
0.439538
0.454673
0.0582957
0.0201233
0.0187268
0.738589
0.922335
0.000330099
0.989765
0.0219246
0.993565
0.549414
0.507137
0.00105793
0.70591
0.0303536
3.81642e-05
0.458471
0.0861928
0.0639477
0.446725
0.188253
0.230538
0.99872
0.0710266
0.00497518
0.979709
0.325155
0.759074
0.10224
0.189677
0.999525
0.966715
0.00409583
0.0356008
0.81688
0.887203
0.60194
0.195583
0.968788
0.831481
0.553569
0.825398
0.501808
0.00597809
0.752364
0.55514
0.865841
0.129614
0.967825
0.68095
0.603338
0.921703
0.896472
0.000442759
0.765122
0.429208
0.904577
0.734546
0.107915
0.920107
0.0373202
0.578258
0.595904
0.00190648
0.000194148
0.438765
0.987542
0.00529386
0.353808
0.967599
0.796113
0.50379
0.52041
0.0142588
0.913426
0.00742578
0.992516
0.00879009
0.7429
0.0107813
0.178034
0.992018
0.580565
0.994592
0.387842
0.960926
0.257337
0.30979
0.83765
0.00750875
0.620859
0.891704
0.0157178
0.990407
0.232445
0.999156
0.894735
0.481454
0.733312
0.959915
0.28211
0.70611
0.66006
0.992274
0.941313
0.00347413
0.893739
0.0118838
0.726985
0.0566578
0.00720976
0.320214
0.977355
0.869125
0.973897
0.0776993
0.996113
0.776978
0.0153369
0.355718
0.0616853
0.83696
0.155521
0.202868
0.00931374
0.0994966
0.123453
0.570287
0.00974882
0.69063
0.930464
0.98271
0.0100404
0.0346777
0.922977
0.460124
0.266218
0.482389
0.258397
0.0307573
0.880906
0.97602
0.975187
0.164358
0.310575
0.939744
0.816115
0.0841464
0.751165
0.966909
0.229834
0.703356
0.364324
0.293875
0.576398
0.524401
0.962207
0.954893
0.999946
0.0245051
0.907567
0.766193
0.027581
0.949744
0.355344
0.86143
0.284128
0.878743
0.707787
0.042992
0.942222
0.990062
0.113633
0.465074
0.419792
0.387715
0.158794
0.0145882
0.946178
0.0276755
0.488517
0.723457
0.121397
0.269198
0.305797
0.273806
0.0366315
0.300642
0.0364881
0.26447
0.416572
0.193369
0.994109
0.0119548
0.026393
0.368184
0.765711
0.295557
0.368354
0.995189
0.1828
0.900329
0.582997
0.968353
0.0111694
0.337745
0.772749
0.397976
0.837215
0.464912
0.996196
0.0715041
0.341798
0.647175
0.504224
0.893439
0.769712
0.86476
0.998975
0.967614
0.665854
0.324772
0.107766
0.992869
0.0730777
0.945874
0.979443
0.88761
0.371374
0.596536
0.904795
0.895749
0.140184
0.820913
0.30569
0.0331632
0.996388
0.365085
0.411521
0.432302
0.994428
0.995034
0.944009
0.00377741
0.127632
0.014532
0.00206013
0.790509
0.00388068
0.993217
0.912823
0.0043248
0.00657362
0.969543
0.942194
0.977847
0.502907
0.771087
0.0641672
0.797136
0.0102625
0.00868051
0.871041
0.735595
0.327105
0.92908
0.000513954
0.127438
0.00593729
0.472785
0.160579
0.636924
0.650305
0.327144
0.0168553
0.970191
0.976387
0.510106
0.998934
0.975473
0.694043
0.829233
0.83841
0.494299
0.191351
0.456524
0.026723
0.630241
0.212525
0.333311
0.215961
0.662235
0.00928468
0.00577744
0.0691644
0.00301096
0.980351
0.803613
0.00470036
0.728933
0.0219167
0.995564
0.0868043
0.000915629
0.941523
0.002063
0.122682
0.0999429
0.272571
0.812105
0.00152373
0.803865
0.658833
0.952285
0.858723
0.973547
0.489975
0.560136
0.998646
0.00176431
0.595717
0.680475
0.539155
0.17173
0.0261568
0.97386
0.916765
0.867893
0.966676
0.160255
0.417824
0.966279
0.00488439
0.836479
0.626359
0.967355
0.954408
0.683327
0.0998149
0.532979
0.0603453
0.804598
0.999703
0.000124007
0.849981
0.871484
0.985741
0.515406
0.862622
0.599088
0.00479638
0.293793
0.404079
0.373436
0.000167891
0.826525
0.127588
0.368184
0.392918
0.969381
0.993035
0.612055
0.945295
0.0366304
0.0145922
0.0317171
0.878539
0.0003816
0.730888
0.407689
0.979428
0.537012
0.397662
0.865207
0.409053
0.0315764
0.931793
0.827436
0.000739791
0.98569
0.0168818
0.889138
0.553495
0.936486
0.76874
0.51087
0.0210494
0.957474
0.962765
0.740625
0.625436
0.990597
0.928536
0.752845
0.00730592
0.116589
0.492663
0.586897
0.848324
0.820274
0.999526
0.423242
0.559299
0.000262301
0.753761
0.906019
0.160573
0.992066
0.380869
0.994253
0.470842
0.00147549
0.848194
0.895815
0.834408
0.00747838
0.0223522
0.962183
0.196489
0.8408
0.974091
0.334996
0.955254
0.416083
0.104538
0.0621788
0.605208
0.501467
0.285058
0.00186261
0.945323
0.259132
0.129082
0.00924414
0.827895
0.982079
0.68783
0.953007
0.737835
0.285561
0.00784718
0.921087
0.11177
0.957085
0.000980831
0.308861
0.0139942
0.876582
0.0179167
0.962803
0.538812
0.896765
0.0342479
0.131727
0.944483
0.430942
0.000118364
0.772041
0.717846
0.0110394
0.861871
0.885186
0.513936
0.700038
0.940626
0.0970678
0.943721
0.586698
0.402295
0.934017
0.0249248
0.0149282
0.859377
0.863401
0.0288578
0.0111973
0.557861
0.943783
0.740189
0.983105
0.267391
0.680232
0.0908894
0.00953936
0.819693
5.43422e-05
0.281545
0.810224
0.181511
0.0021207
0.970628
0.0220918
0.481792
0.909893
0.921576
0.651137
0.279666
0.965709
0.0348777
0.176354
0.0341607
0.825292
0.969468
0.87952
0.0716876
0.193894
0.676949
0.174602
0.827953
0.115112
0.936803
0.821256
0.158577
0.0243384
0.867565
0.994113
0.669532
0.0731463
0.617765
0.956543
0.990602
0.135366
0.718724
0.516089
0.973453
0.971794
0.620621
0.0721624
0.763038
0.898837
0.967997
0.946807
0.874321
0.144997
0.54497
0.214266
0.87905
0.873955
0.719045
0.530811
0.996257
0.724249
0.620738
0.0599993
0.0229471
0.0187588
0.760084
0.983167
0.91971
0.502521
0.8863
0.514417
0.711019
0.294401
0.996679
0.0950811
0.777033
0.843024
0.0717521
0.580696
0.681147
0.472488
0.490752
0.480086
0.00031564
0.706326
0.00467394
0.00186662
0.315113
0.0187986
0.18341
0.000109764
0.0690823
0.306001
0.247148
0.00115106
0.151942
0.20257
0.883361
0.236994
0.966232
0.0237074
0.0033405
0.578892
0.677807
0.202514
0.699207
0.968352
0.947092
0.931083
0.445021
0.961467
0.908355
0.746494
0.37862
0.978323
0.996243
0.92468
0.127315
0.461972
0.236262
0.263564
0.996827
0.80015
0.883577
0.878368
0.937444
0.698782
0.532415
0.517864
0.393893
0.997228
0.881
0.563678
0.840362
0.0603196
0.554975
0.0284147
0.987992
0.805952
0.9623
0.322468
0.0757486
0.791315
0.00774074
0.186758
0.797322
0.368888
0.690248
0.333234
0.999981
0.980342
0.805358
0.58006
0.976647
0.0689102
0.951514
0.582317
0.81162
0.385198
0.962278
0.931061
0.657027
0.0255032
0.930015
0.00373741
0.653973
0.100619
0.825012
0.0525873
0.838313
0.098751
0.596507
0.79049
0.623894
0.768348
0.939414
0.999049
0.820272
0.0305978
0.903799
0.816918
0.811627
0.453617
0.993189
0.291526
0.294809
0.618665
0.925274
0.588794
0.888565
0.349849
0.933132
0.0808714
0.061723
0.0490658
0.000668493
0.664778
0.90903
0.389238
0.0139725
0.671845
0.990882
0.92429
0.101418
0.364944
0.0600735
0.922668
0.928148
0.00473519
0.0396728
0.830202
0.00822989
0.881019
0.10804
0.300055
0.845907
0.501236
0.744366
0.992637
0.82605
0.862547
0.975861
0.983555
0.994322
0.00749841
0.671287
0.00197774
0.876605
0.0821662
0.0122081
0.0106535
0.325168
0.398062
0.331617
0.00151386
0.278129
0.924391
0.332846
0.617579
0.00126533
0.397946
0.569699
0.766947
0.975417
0.807723
0.296848
0.304238
0.579035
0.778774
0.57176
0.33311
0.993528
0.998557
0.83928
0.748609
0.984317
0.00968208
0.995884
0.798965
0.164399
0.0139703
0.023499
0.957596
0.807518
0.0640525
0.131773
0.48773
0.97344
0.491916
0.951659
0.113708
0.999783
0.190707
0.62313
0.710105
0.325509
0.284035
0.844051
0.00597381
0.976392
0.0136964
0.959896
0.668888
0.0546048
0.80035
0.652369
0.0235858
0.05406
0.990419
0.985629
0.00369963
0.0859098
0.680178
0.997905
0.877046
0.222203
0.933257
0.911872
0.634629
0.182597
0.670423
0.755342
0.975796
0.104358
0.000662088
0.3806
0.801872
0.0379316
0.940901
0.772625
0.85767
0.0772749
0.715442
0.385722
0.00477694
0.202586
0.292602
0.0279182
0.769653
0.785482
0.943988
0.387021
0.441753
0.00299034
0.472543
0.94811
0.352453
0.263046
0.0622718
0.892631
0.0567713
0.687369
0.160926
0.0465054
0.0772772
0.190964
0.645676
0.439502
0.998794
0.176737
0.138653
0.84613
0.00541564
0.00656448
0.000358947
0.964763
0.917913
0.986564
0.545221
0.99543
0.000954055
0.981256
0.00746688
0.847373
0.0170936
0.271414
0.952855
0.204435
0.0627143
0.517098
0.990922
0.435734
0.714575
0.998691
0.546246
0.902464
0.97571
0.476146
0.408139
0.0537097
0.63538
0.988613
0.0558066
0.777267
0.10036
0.787626
0.414204
0.826232
0.984557
0.105071
0.301059
0.647976
0.407848
0.804932
0.982873
0.417418
0.00669122
0.01006
0.139639
0.125589
0.892525
0.0769469
0.696419
0.99412
0.0104535
0.590301
0.967357
0.00207308
0.283738
0.0505209
0.000661205
0.933377
0.943673
0.952939
0.62261
0.570477
0.944207
0.375289
0.515399
0.773001
0.716557
0.58808
0.996443
0.501409
0.979076
0.0310973
0.656818
0.26832
0.000267899
0.00543312
0.00945487
0.181599
0.827535
0.664723
0.113581
0.791363
0.257939
0.991043
0.0285895
0.900912
0.00680873
0.979269
0.954521
0.488479
0.772671
0.0627664
0.43358
0.275663
0.00106614
0.0332295
0.713604
0.0973012
0.768774
0.560339
0.875606
0.0139629
0.00292895
0.0548114
0.595648
0.912453
0.0721482
0.790829
0.976233
0.0164939
0.00976814
0.881857
0.00107934
0.0642774
0.0830488
0.283255
0.635864
0.00839414
0.431559
0.897254
0.858185
0.334913
0.521745
0.0888248
0.902863
0.231817
0.113657
0.00421967
0.384526
0.228989
0.0330401
0.890946
0.838405
0.0247955
0.924981
0.00223067
0.43314
0.393934
0.000553071
0.982188
0.00150576
0.0563192
0.0480825
0.320664
0.752021
0.150874
0.779962
0.423789
0.00839798
0.99376
0.0160857
0.0244399
0.999595
0.0831087
0.198407
0.051365
0.0351548
0.00550729
0.876844
0.875808
0.96205
0.966456
0.0221526
0.279281
0.737391
0.0624663
0.959491
0.120273
0.347705
0.725569
0.95663
0.265552
0.722544
0.399605
0.178301
0.439964
0.802727
0.0319929
0.233199
0.917831
0.035273
0.179885
0.845206
0.980469
0.00493092
0.722896
0.00117339
0.97052
0.9988
0.771432
0.0282072
0.949376
0.962256
0.917259
0.0480377
0.953996
0.654117
0.988839
0.995421
0.947464
0.288785
0.789081
0.920707
0.38029
0.82269
0.12859
0.00125902
0.592045
0.715138
0.110434
0.826102
0.943985
0.0643746
0.390103
0.782264
0.172001
0.0428496
0.0178409
0.466349
0.338129
0.0580397
0.932239
0.185029
0.975865
0.149157
0.796911
0.0228782
0.560634
0.90614
0.857571
0.98886
0.994027
0.759116
0.484188
1.2074e-07
0.257953
0.98129
0.967449
0.885953
0.981205
0.975378
0.565886
0.631443
0.392913
0.00948768
0.999649
0.0337378
0.928505
0.18031
0.99404
0.122336
0.249946
0.400407
0.472897
0.206385
0.937966
0.318394
0.145499
0.919594
0.381373
0.0117605
0.947552
0.971313
0.807733
0.988064
0.0023715
0.094735
0.492819
0.0846344
0.549883
0.977778
0.984246
0.372169
0.0368327
0.371331
0.852175
0.642721
0.982329
0.693534
0.00319454
0.978476
0.0688855
0.871909
0.94864
0.416865
0.376979
0.312583
0.427483
0.94756
0.205919
0.979556
0.340344
0.993573
0.949835
0.959675
0.99001
0.990164
0.187283
0.840259
0.0714244
0.0400304
0.896558
0.00345655
0.0337413
0.563391
0.634128
0.0578777
0.812058
0.00587651
0.958129
0.0376118
0.609015
0.325689
0.00978839
0.000571049
0.720765
0.696526
3.46458e-09
0.170669
0.165586
0.232668
0.00708301
0.921504
0.95401
0.999438
0.698401
0.907531
0.722852
0.0410677
0.0155481
0.811741
0.0547282
0.424476
0.000909576
0.0572762
0.977135
0.0788616
0.715919
0.991608
0.967911
0.835932
0.638116
0.407391
0.796314
0.0601149
0.277229
0.340958
0.992433
0.966155
0.0419666
0.849576
0.352002
0.133225
0.00326479
0.00168982
0.781274
0.000964652
0.901591
0.676988
0.0174287
0.96202
0.876702
0.786211
0.105253
0.629877
0.00358601
0.988886
0.408356
0.289221
0.0292412
0.0040949
0.587819
0.12883
0.997334
0.221577
0.937694
0.89017
0.884086
0.0227133
0.4895
0.0013907
0.757434
0.941718
0.231775
0.591893
0.013462
0.861295
0.305887
0.00209001
0.437074
0.935473
0.295114
0.929425
0.014837
0.0224611
0.0515786
0.00156264
0.6149
0.737787
0.839895
0.701713
0.757512
0.432803
0.866971
0.0154338
0.652623
0.987424
0.353207
0.616389
0.0530909
0.934823
0.792845
0.699765
0.887288
0.0365378
0.870988
0.819879
0.749634
0.937845
0.621755
0.0999345
0.998618
0.804738
0.756633
0.394304
0.0272245
0.00071263
0.9986
0.67724
0.438318
0.843153
0.19404
0.0257611
0.344903
0.0937142
0.958042
0.90299
0.487978
0.567931
0.515429
0.80594
0.959345
0.335945
0.000957713
0.65859
0.649387
0.404158
0.80889
0.120839
0.12238
0.549032
0.630778
0.200727
0.764381
0.0971247
0.0273702
0.924922
0.335874
0.201433
0.282225
0.948854
0.96413
0.998125
0.995889
0.889663
0.587516
0.211709
0.682223
0.450567
0.682847
0.704689
0.309531
0.991495
0.900172
0.874721
0.998871
0.984943
0.0811134
0.814941
0.640074
0.970349
0.987716
0.98759
0.924978
0.308132
0.629094
0.686693
0.57887
0.842395
0.0240878
0.135044
0.90567
0.041442
0.88728
0.936167
0.049824
0.0672995
0.408096
0.158788
0.00931559
0.658436
0.557522
0.883306
0.887421
0.491422
0.911181
0.964725
0.390981
0.222422
0.994217
0.983114
0.839804
0.0168799
0.796232
0.322548
0.220376
0.882761
0.943347
0.527115
0.659474
0.0209599
0.42695
0.408732
0.0437528
0.00162597
0.108261
0.964335
0.744581
0.818002
0.864876
0.121433
0.0678585
0.47204
0.245601
0.236061
0.281219
0.885068
0.0842711
0.968733
0.27051
0.559404
0.905861
0.446063
0.806037
0.564024
0.880429
0.287553
0.797293
0.97802
0.643276
0.825486
0.842603
0.985311
0.00394036
0.234943
0.385706
0.104294
0.0174369
0.0634605
0.0408
0.95931
0.0534086
0.0807068
0.554778
0.929849
0.0184143
0.760569
0.110858
0.411179
0.830987
0.876696
0.23557
0.0202349
0.576833
0.0264303
0.97208
0.990593
0.998056
0.614941
0.914079
0.0423762
0.910775
0.321738
0.233318
0.777778
0.338773
0.795501
0.322147
0.954185
0.701429
0.63589
0.695264
0.82862
0.941077
0.0234954
0.988407
0.850292
0.726365
0.00263278
0.0892064
0.473703
0.263265
0.984647
0.902806
0.115877
0.846303
0.0228892
0.995121
0.67736
0.628728
0.236082
0.220356
0.851992
0.364222
0.544791
0.781695
0.0624977
0.217865
0.0343053
0.208909
0.0380911
0.000464822
0.998454
0.0666485
0.16139
0.932248
0.725535
0.000114486
0.0212039
0.423485
0.181359
0.0399292
0.966378
0.98781
0.997932
0.0664889
0.251073
0.0417259
0.148809
0.998258
0.832796
0.0936015
0.203501
0.000403637
0.927876
0.169616
0.368679
0.0934871
0.966848
0.893307
0.417661
0.86011
4.7845e-05
0.0720018
0.0619095
0.465631
0.44953
0.807687
0.175166
0.879089
0.0747203
0.317694
0.984836
0.0884897
0.261216
0.843423
0.0911297
0.999607
0.00269308
0.86625
0.680879
0.893298
0.00486005
0.0466782
0.0895177
0.922868
0.636032
0.801812
0.444685
0.784305
0.907632
0.803387
0.794714
0.00689172
0.193709
0.844188
0.82166
0.920125
0.855149
0.920961
0.903749
1.26635e-06
0.803877
0.000181256
0.380475
0.0406107
0.995606
0.945117
0.855469
0.802654
0.0435146
0.107053
0.94919
0.0682679
0.811567
0.825717
0.424314
0.909732
0.994295
0.36055
0.948562
0.058294
0.0246524
0.353372
0.326913
0.650105
0.592181
0.000979711
0.437191
0.0436078
0.314544
0.0328789
0.171405
0.989826
0.827517
0.0389275
0.910608
0.32191
0.980472
0.999771
0.890301
0.166283
0.907351
0.220058
0.981884
0.425349
0.397056
0.440872
0.0241782
0.411063
0.0435957
0.145142
0.979435
0.158821
0.926722
0.066169
0.406334
0.104389
0.0523344
0.355105
0.00393777
0.0300254
0.523097
0.952591
0.715775
0.580656
0.937437
0.921944
0.939979
0.582093
0.0812732
0.785648
0.012567
0.964612
0.0272679
0.819677
0.0278542
0.0359281
0.999582
0.04485
0.00303656
0.379413
0.150579
0.952158
0.732397
0.283395
0.030602
0.05153
0.655353
0.981267
0.469491
0.182453
0.960279
0.0004176
0.0664969
0.141677
0.0862157
0.574097
0.0020339
0.951606
0.861071
0.744233
0.14123
0.041887
0.481506
0.81514
0.977195
0.936228
0.897039
0.191028
0.79368
0.981895
0.000632896
0.767791
0.917373
0.467127
0.0230736
0.795035
0.0967438
0.11492
0.0451023
0.00316433
0.648248
0.931842
0.583219
0.989282
0.968592
0.940813
0.0311264
0.0502252
0.879508
0.717663
0.115954
0.991765
0.51139
0.987338
0.946211
0.325564
0.0511411
0.549008
0.504092
0.99602
0.5138
0.0363946
0.138978
0.965075
0.134112
0.844312
0.355269
0.360315
0.264569
0.00184852
0.000756695
0.992389
0.00048476
0.853489
0.65502
0.684891
0.0744209
0.75037
0.172808
0.716423
0.952026
0.515104
0.958269
0.156864
0.132553
0.996921
0.0726299
0.113766
0.922319
0.998219
0.974052
0.815262
0.18343
0.0183531
0.992005
0.416908
0.00713469
0.0091676
0.175711
0.263146
0.963281
0.941152
0.915008
0.00191157
0.685965
0.0013129
0.372479
0.998662
0.0255939
0.624175
0.221777
0.784803
0.0169844
0.236923
0.0358834
0.881009
0.866309
0.484438
0.591805
0.00917632
0.0993916
0.884009
0.938001
0.755953
0.579505
0.233189
0.971012
0.944287
0.898954
0.981478
0.895873
0.0467124
0.010066
0.302242
0.793181
0.968541
0.966294
0.0304642
0.148827
0.908057
0.978662
0.948291
0.971081
0.158993
0.726039
0.0229989
0.170835
0.128978
0.0805538
0.525272
0.200911
0.0316752
0.616159
0.114747
0.926441
0.309428
0.639076
0.468897
0.874264
0.220327
0.123347
0.579041
0.898045
0.985878
0.700826
0.951884
0.640949
0.995703
0.115115
0.0205644
0.609195
0.893685
0.399244
0.46127
0.00123383
0.948722
0.828314
0.216489
0.737298
0.036442
0.367459
0.836906
0.789293
0.159188
0.0173818
0.891779
0.0590785
0.660451
0.647403
0.82121
0.465028
0.161157
0.571221
0.95875
0.628656
0.176098
0.0698272
0.731806
0.934753
0.00915152
0.046385
0.79438
0.00733203
0.191528
0.0733605
0.515581
0.524174
0.00285827
0.827372
0.482396
0.938781
0.722218
0.960554
0.110649
0.0941581
0.976794
0.987159
0.0741506
0.989458
0.000408735
0.111489
0.0245213
0.143883
0.398838
0.293067
0.932335
0.668871
0.886424
0.72091
0.857062
0.314022
0.918732
0.62135
0.0426415
0.841928
0.0826951
0.127794
0.966883
0.650295
0.0907642
0.813222
0.221873
0.00194862
0.11254
0.984819
0.143035
0.406449
0.845768
0.00116103
0.881645
0.00600549
0.135832
0.299916
0.968719
0.00344983
0.0241221
0.502489
0.496734
0.000889294
0.0249566
0.298636
0.797617
0.535511
0.997312
0.796554
0.988943
0.135141
0.580165
0.155581
0.238132
0.988687
0.120967
0.996889
0.0758567
0.895387
0.993261
0.93519
0.98434
0.878328
0.947178
0.864691
0.338907
0.457272
0.149663
0.290823
0.317389
0.327095
0.011068
0.95853
0.996343
0.250719
0.0838455
0.932349
0.912196
0.0089465
0.253182
0.678894
0.68129
0.0713252
0.722411
0.908638
0.906106
0.915425
0.924963
0.873278
0.708359
0.0144004
0.95982
0.465193
0.944048
0.708801
0.343988
0.0840831
0.812447
0.68668
0.888108
0.423005
0.0191987
0.335397
0.841414
0.992605
0.866713
0.875687
0.0217552
0.0221314
0.00790816
0.889746
0.986741
0.61311
0.000511487
0.395043
0.134404
0.716462
0.770479
0.062156
0.0363209
0.993102
0.000106099
0.028909
0.201674
0.0343108
0.697387
0.448078
0.706517
0.987713
0.423308
0.923261
0.284519
0.725117
0.54421
0.551517
0.0807571
0.950373
0.000863862
0.120759
0.857246
0.193163
0.0614701
0.441316
0.910472
0.925709
0.579547
0.741652
0.252526
0.884385
0.985248
0.0266277
0.970322
0.0320451
0.541019
0.991097
0.0585351
0.552201
0.901747
0.0226808
0.993551
0.159912
0.853205
0.183754
0.917514
0.895003
0.145402
0.106074
0.904691
0.865904
0.00260043
0.00513673
0.360005
0.00361149
0.948562
0.319947
0.00656285
0.0159915
0.679848
0.0128076
0.663519
0.00574826
0.97932
0.17574
0.86298
0.368391
0.0170032
0.374169
0.607783
0.679367
0.844289
0.972774
0.01419
0.133388
0.00323393
0.680703
0.0500699
0.680824
0.0872256
0.947164
0.0866093
0.862048
0.675932
0.0148301
0.00572794
0.883932
0.826093
0.00693866
0.0196367
0.00164336
0.796198
0.575616
0.10287
0.993226
0.824294
0.45235
0.918544
0.589818
0.954015
0.133043
0.0608221
0.00883104
0.20194
0.0686015
0.585851
0.0609563
0.00357745
0.8413
0.176733
0.948405
0.642974
0.00970669
0.686511
0.026957
0.198286
0.704311
0.045662
0.741249
0.0956814
0.344365
0.203082
0.913677
0.922561
0.778421
0.102636
0.729157
0.239393
0.344973
0.0138898
0.640957
0.952085
0.687593
0.00270101
0.631659
0.934402
0.78934
0.562076
0.949333
0.00967414
0.959055
0.899784
0.891002
0.673452
0.372714
0.543954
0.959116
0.344587
0.0367874
0.764488
0.151865
0.600584
0.160839
0.917482
0.398694
0.283165
0.964308
0.916408
0.747166
0.499998
0.360356
0.620898
0.861119
0.989968
0.739498
0.0568994
0.97579
0.0699574
0.96344
0.0165833
0.0159738
0.995551
0.0103625
0.673653
0.959348
0.806638
0.353943
0.107113
0.989116
0.551444
0.972087
0.0113042
0.999539
0.978864
0.699315
0.999323
0.924521
0.531163
0.845359
0.854191
0.928396
0.866137
0.575802
0.999488
0.315042
0.000555846
0.858952
0.921966
0.102785
0.0072683
0.0172407
0.026354
0.992741
0.208285
0.952035
0.00509638
0.0401468
0.301371
0.609989
0.935712
0.378796
0.363137
0.99926
0.982998
0.00151964
0.0385793
0.00287976
0.699976
0.645472
0.815191
0.923805
0.829142
0.0394995
0.975464
0.546321
0.992124
0.917339
0.00566932
0.999851
0.781571
0.959788
0.15249
0.101842
0.943344
0.0477244
0.152639
0.804991
0.379081
0.8831
0.485553
0.437838
0.00453676
0.897037
0.528082
0.0564476
0.983878
0.212086
0.966904
0.844606
0.950415
0.0713658
0.920781
0.88173
0.0825187
0.0572685
0.00855271
0.13988
0.954765
0.161819
0.996526
0.0307856
0.730679
0.50541
0.270089
0.681255
0.12205
0.435449
0.579408
0.740546
0.713437
0.00710083
0.392065
0.341246
0.79193
0.274898
0.164869
0.562035
0.907641
0.865959
0.0353033
0.490932
0.980639
0.866581
0.0088693
0.485036
0.0663299
0.893819
0.863773
0.829021
0.00673339
0.734374
0.855869
0.300656
0.939099
0.83692
0.843703
0.185794
0.918313
0.983965
0.029941
0.956158
0.880341
0.636882
0.195871
0.436329
0.58946
0.000363771
0.0323343
0.918563
0.97592
0.941528
0.993457
0.118854
0.64691
0.00752403
0.0205514
0.269517
0.854472
0.752088
0.77402
0.000679126
0.0902148
0.0139175
0.968462
0.570283
0.154711
0.945614
0.0330508
0.854496
0.894708
0.493121
0.0311621
0.709722
0.000348488
0.0414281
0.994272
0.796465
0.964621
0.327521
0.948134
0.122477
0.929133
0.583485
0.998195
0.927819
0.433848
0.553429
0.00409955
0.99347
0.825812
0.524323
0.999569
0.809518
0.523008
0.773348
0.0134513
0.15003
0.891982
0.998421
0.0176301
0.0326285
0.680936
0.399185
0.034595
0.987115
0.819834
0.857019
0.0545748
0.957916
0.780289
0.476091
0.0549736
0.898661
0.000357888
0.831354
0.82788
0.450574
0.176074
0.702587
0.349016
0.46624
0.0604974
0.544725
0.923218
0.588869
0.261681
0.547235
0.282922
0.29803
0.740486
0.670127
0.953415
0.0433045
0.87154
0.488105
0.0409419
0.516529
0.302867
0.5592
0.856328
0.792259
0.421866
0.92726
0.228873
0.374026
0.550431
0.500816
0.967574
0.940035
0.720068
0.229668
0.798347
0.901334
0.0122228
0.900556
0.796889
0.879198
0.00885255
0.00179163
0.669402
0.955934
0.987945
0.572037
0.789962
0.0634772
0.0660702
0.00477797
0.0396133
0.0475911
0.950381
0.641967
0.626323
0.833227
0.976031
0.0422947
0.98465
0.585013
3.51655e-05
0.0700027
0.0171096
0.668681
0.308015
0.841474
0.160492
0.928578
0.883198
0.0365232
0.142935
0.96409
0.954609
0.972102
0.768345
0.563675
0.0364404
0.984604
0.232595
0.116612
0.0927778
0.975465
0.785033
0.103718
0.900899
0.589212
0.627463
0.0351052
0.429446
0.287478
0.706298
0.0718721
0.410477
0.820521
0.936657
0.0535854
0.000343702
0.845817
0.0010338
0.06992
0.447508
0.0890055
0.447957
0.0179978
0.760461
0.000364613
0.930839
0.368235
0.0545362
0.687665
0.51598
0.954632
0.00116473
0.90796
0.979873
0.677868
0.441902
0.993673
0.389379
0.8755
0.848951
0.357503
0.968481
0.939496
0.404792
0.426711
0.0816705
0.457105
0.491224
0.804285
0.82537
0.90533
0.506935
0.963127
0.541056
0.920617
0.733989
0.988064
0.00217331
0.0616959
0.0192958
0.68
0.0207974
0.642499
0.724941
0.0110343
0.00918721
0.998361
0.00492023
0.335645
0.260089
0.968052
0.222836
0.315159
0.937434
0.991887
0.00658291
0.0762516
0.957659
0.659962
0.716941
0.213571
0.876757
0.542977
0.00810785
0.137356
0.899531
0.325048
0.584363
0.000950545
0.230048
0.929197
0.973324
0.749279
0.382715
0.91578
0.74087
0.841716
0.0282864
0.999456
0.903958
0.331473
0.526429
0.835523
0.00653098
0.69199
0.937438
0.241081
0.262794
0.397821
0.530173
0.00611532
0.0029255
0.00700739
0.471798
0.131213
0.0409656
0.166363
0.0999457
0.805599
0.983303
0.970777
0.0135593
0.50111
0.301327
0.000736354
0.0606649
0.491991
0.55799
0.538545
0.955429
0.196544
0.885622
0.388548
0.672294
0.583776
0.247395
0.65619
0.879957
0.807084
0.468295
0.297052
0.906898
0.0655075
0.847268
0.478003
0.452739
0.448682
0.000378416
0.956915
0.999646
0.0868049
0.919629
0.0874784
0.270243
0.59908
0.0333333
0.933426
0.00141015
0.925479
0.00468936
0.492164
0.735249
0.443478
0.448166
0.775592
0.657263
0.955187
0.918563
0.841017
0.243206
0.132317
0.0547961
0.47066
0.971913
0.906108
0.386561
0.333836
0.353197
0.054026
0.811172
0.748823
0.855587
0.284984
0.315025
0.214444
0.608335
0.408659
0.0583481
0.750495
0.861702
0.879148
0.959632
0.11861
0.949395
0.748784
0.047635
0.578171
0.570869
0.962783
0.953939
0.108245
0.277851
0.970213
0.950709
0.00431236
0.136614
0.663645
0.784627
0.932
0.589057
0.813033
0.0557967
0.103699
0.816074
0.583851
0.650215
0.576996
0.978708
0.983413
0.99571
0.0237633
0.562778
0.303136
0.362355
0.996921
0.252172
0.887719
0.778621
0.895806
0.0566106
0.839827
0.902999
0.732761
0.98008
0.773766
0.484624
0.0353754
0.59095
0.00577454
0.782125
0.913169
0.428289
0.97127
0.94257
0.0575277
7.5777e-05
0.0247607
0.0560227
0.751183
0.832749
0.19469
0.173769
0.50722
0.355865
0.0478994
0.159897
0.63285
0.0432712
0.99693
0.786843
0.013367
0.361876
0.0951142
0.864787
0.124037
0.0373345
0.99779
0.157826
0.955
0.938487
0.438974
0.729419
0.00669531
0.60343
0.766485
0.444372
0.99284
0.995862
0.132219
0.91088
0.183379
0.011419
0.939732
0.0753183
0.0255197
0.0593193
0.905725
0.0309044
0.262597
0.894669
0.0224606
0.735125
0.015965
0.0830016
0.00922499
0.67574
0.112199
0.968168
0.11883
0.991525
0.4204
0.234834
0.240419
0.838648
0.0429937
0.986592
0.622773
0.0636023
0.994296
0.512195
0.410046
0.0649086
0.698382
0.0757591
0.0334852
0.525962
0.0315441
0.967893
0.995273
0.0346191
0.129352
0.800154
0.98236
0.984941
0.204948
0.48694
0.658296
0.807594
0.635238
0.480188
0.0699991
0.341332
0.923895
0.155761
0.169437
0.0245939
0.956379
0.212204
0.836973
0.250151
0.975581
0.778199
0.493598
0.725222
0.834323
0.762077
0.0839916
0.950311
0.310731
0.606235
0.561872
0.098902
0.892454
0.0392742
0.0298289
0.994458
0.717194
0.931763
0.980612
0.619438
0.949048
0.0404383
0.367845
0.293811
0.976709
0.0708704
0.0200344
0.0560286
0.257791
0.395144
0.940935
0.315257
0.965749
0.380241
0.570675
0.817578
0.00811281
0.990835
0.0281271
0.985467
0.269209
0.114532
0.675441
0.00132451
0.144432
0.978189
0.999207
0.570291
0.986099
0.973334
0.628546
0.990859
0.0033488
0.428065
0.152087
0.952062
0.415942
0.939191
0.633345
0.00778608
0.952203
0.845631
0.124656
0.960653
0.0934206
0.846714
0.29858
0.972541
0.850489
0.724241
0.548472
0.0138889
0.618505
0.454111
0.0141224
0.908139
0.0148843
0.0214659
0.990715
0.972341
0.935326
0.115703
0.337303
0.973026
0.120174
0.552271
0.60896
0.0320951
0.769089
0.418274
0.324012
0.0544534
0.389644
0.975515
0.413476
0.570619
0.00801739
0.085169
0.641613
0.783883
0.933979
0.091606
0.481949
0.990407
0.4628
0.00864687
0.982127
0.651699
0.0989515
0.24992
0.847877
0.869974
0.149178
0.830383
0.999587
0.00232158
0.0451829
0.911023
0.195481
0.713056
0.91995
0.0614571
0.507058
0.552923
0.111802
0.00613578
0.109091
0.804888
0.891302
0.938089
0.167589
0.999172
0.539713
0.551723
0.507608
0.889491
0.834507
0.000822921
0.616461
0.68304
0.10272
0.886161
0.958119
0.452165
0.225097
0.976666
0.912752
0.0727975
0.750915
0.285046
0.00327054
0.203892
0.287546
0.916953
0.583654
0.212499
0.56866
0.175538
0.997484
0.00011204
0.998834
0.9725
0.124459
0.774981
0.188497
0.991625
0.963331
0.187646
0.806386
0.956861
0.973307
0.830878
0.000413659
0.34592
0.742452
0.968017
0.98697
0.272098
0.0474987
0.0071212
0.0916271
0.773824
0.0973639
0.00362341
0.000430061
0.867729
0.0239842
0.809192
0.485053
0.391763
0.517883
0.00796572
0.725252
0.892001
0.686394
0.641045
0.0394437
0.00846626
0.699553
0.870143
0.00901022
0.8826
0.950993
0.0110263
0.245922
0.770812
0.986096
0.0575744
0.945895
0.330509
0.0171001
0.0978582
0.658982
0.812924
0.979383
0.987087
0.925424
0.558686
0.0675307
0.00457166
0.85238
0.0408301
0.15673
0.313609
0.92868
0.968167
0.252541
0.0305096
0.881194
0.00747662
0.693709
0.0674646
0.00616097
0.0363284
0.965195
0.98022
0.0701353
0.277637
0.966058
0.437776
0.00542339
0.786654
0.600275
0.828992
0.0567424
0.00336569
0.994762
0.134403
0.92214
0.622908
0.0784404
0.127565
0.998982
0.00644252
0.0422501
0.870529
0.936606
0.899283
0.0139615
0.76533
0.974949
0.51036
0.618393
0.412066
0.325844
0.255876
0.275751
0.999099
0.0387002
0.866544
0.042452
0.97814
0.0412279
0.521909
0.83418
0.967065
0.974383
0.576162
0.928587
0.931818
0.263181
0.423274
0.293537
0.969952
0.914924
0.0270443
0.952985
0.968849
0.901862
0.98463
0.136844
0.999215
0.553949
0.957703
0.693886
0.707701
0.18266
0.00142262
0.89617
0.235825
0.640279
0.119907
0.270406
0.0251486
0.86386
0.479928
0.70422
0.00932517
0.836469
0.478662
3.91614e-05
0.953648
0.96148
0.916841
0.956535
0.367178
0.859749
0.00187738
0.909908
0.0142054
0.97441
0.366892
0.877411
0.950073
0.977027
0.891471
0.840596
0.0647
0.170867
0.58412
0.836452
0.0841917
0.245009
0.714226
0.989628
0.954439
0.974264
0.901321
0.52982
0.171655
0.751668
0.0103596
0.995079
0.0781274
0.895707
0.0781564
0.026236
0.0703866
0.940164
0.466936
0.955586
0.699277
0.571708
0.0844346
0.745325
0.17242
0.477595
0.983823
0.84703
0.477185
0.188876
0.19529
0.98812
0.919701
0.239209
0.192215
0.00554501
0.850137
0.989057
0.890812
0.200265
0.943687
0.974878
0.806311
0.0505695
0.501469
0.0723715
0.712212
0.917748
0.991297
0.00860588
0.793139
0.189982
0.966054
0.366349
0.912084
0.598587
0.0121141
0.988035
0.055444
0.96001
0.316936
0.731457
0.0280405
0.609954
0.934271
0.972302
0.882719
0.738857
0.98165
0.0180548
0.476854
0.906737
0.80649
0.975145
0.00363967
0.364181
0.0884851
0.0174374
0.102073
0.011286
0.94457
0.726619
0.0923864
0.884264
0.0018227
0.0201635
0.521277
0.451174
0.902764
0.594134
0.999849
0.985966
0.140173
0.291448
0.161174
0.186382
0.99208
0.393115
0.471707
0.0776861
0.00855424
0.134848
0.891204
0.106696
0.00215909
0.096784
0.0198706
0.992336
0.0633813
0.915147
0.844655
0.541681
0.688568
0.477365
0.0672476
0.944929
0.00367491
0.399329
0.896019
0.526716
0.977827
0.163452
0.876524
0.234916
0.184824
0.99549
0.485671
0.271951
0.0304893
0.201294
0.764861
0.904411
0.00324552
0.978726
0.5582
0.864179
0.895411
0.0069502
0.76763
0.772789
0.000149783
0.991065
0.0618978
0.402861
0.331759
0.690206
0.0164692
0.897029
0.120265
0.506425
0.575654
0.377999
0.0985512
0.85476
0.409043
0.00527754
0.752449
0.0636224
0.528802
0.0238324
0.405041
0.816314
0.0241286
0.620986
0.711703
0.718765
0.450843
0.76723
0.555245
0.708529
0.886867
0.498555
0.425301
0.97745
0.93339
0.809828
0.50292
0.0917408
0.472958
0.00578569
0.814422
0.211302
1.69414e-05
0.00810649
0.197563
0.874604
0.660708
0.139657
0.956723
0.859445
0.0124826
0.381391
0.00256871
0.66641
0.959274
0.350036
0.922016
0.955204
0.979459
0.74597
0.978723
0.948953
0.275054
0.239949
0.8717
0.99232
0.812479
0.31123
0.631028
0.335374
0.96096
0.828264
0.720168
0.80465
0.996035
0.88079
0.711909
0.995248
0.864954
0.7632
0.0405293
0.053307
0.0392066
0.30017
0.928677
0.496259
0.341986
0.0359452
0.956745
0.753444
0.615237
0.11843
0.726329
0.990717
0.690023
0.235917
0.75984
0.174565
0.00020003
0.974968
0.00609189
0.994776
0.509717
0.434994
0.360055
0.633662
0.893542
0.971002
0.929422
0.406923
0.953942
0.891925
0.546214
0.00401111
0.000605455
0.487799
0.932761
0.996928
0.985432
0.25112
0.829144
0.529028
0.836287
0.903465
0.949611
0.0316381
0.221673
0.480325
0.992748
0.98938
2.91012e-05
0.933065
0.0288443
0.938744
0.00565086
0.149996
0.808436
0.290105
0.012754
0.906016
0.0349473
0.046466
0.595488
0.59802
0.994914
0.109052
0.833098
0.970413
0.74443
0.893648
0.995072
0.331748
0.000888491
0.0571603
0.98111
0.785055
0.793443
0.00407168
0.102022
0.00575526
0.0394259
0.0467133
0.199738
0.021215
0.00429627
0.257666
0.72986
0.00472539
0.994496
0.0466174
0.0900292
0.899647
0.571318
0.899938
0.388884
0.765537
0.968067
0.0369017
0.405762
0.916695
0.809889
0.185581
0.0347233
0.102802
0.833087
0.0175852
0.507646
0.509006
0.188861
0.0358059
0.0174171
0.594548
0.956233
0.0425769
0.224163
0.00393106
0.186949
0.331558
0.000145366
0.0622139
0.978312
0.955606
0.881462
0.917925
0.355822
0.250538
0.40773
0.990751
0.0293762
0.995804
0.429193
0.291033
0.144209
0.213804
0.293135
0.714342
0.771124
0.445032
0.685261
0.998245
0.953498
0.93569
0.000689812
0.744156
0.932847
0.996033
0.0761421
0.998602
0.48749
0.693418
0.90298
0.082737
0.800473
0.594318
0.997517
0.763901
0.97752
0.930926
0.115706
0.00466845
0.00454114
0.994025
0.487443
0.0212384
0.104903
0.0089739
0.0560923
0.599812
0.684381
0.995323
0.843046
0.98328
0.600296
0.993858
0.68733
0.791162
0.919709
0.715623
0.539101
0.759342
0.588787
0.491705
0.309416
0.020031
0.140785
0.793629
0.17281
0.0819378
0.253439
0.141129
0.0783011
0.0142093
0.932949
0.205962
0.294304
0.751463
0.0343223
0.924752
0.00753492
0.953372
0.976415
0.603072
0.119909
0.153795
0.0115213
0.179354
0.92129
0.534116
0.685127
0.291764
0.253386
0.583821
0.353927
0.993293
0.000314682
0.362185
0.639629
0.109404
0.199146
0.0410031
1.71557e-05
0.929464
0.994856
0.502694
0.00659189
0.17913
0.606801
0.783186
0.582751
0.895197
0.0810132
0.0511873
0.0740574
0.984648
0.286702
0.900989
0.910885
0.892372
0.739414
0.390368
0.989881
0.364178
0.890157
0.12728
0.532071
0.691267
0.130987
0.332913
0.894964
8.5472e-05
0.501968
0.0576449
0.923755
0.131478
0.307737
0.848709
0.582095
0.809264
0.79929
0.0771876
0.277919
0.661669
0.281566
0.000611174
0.412167
0.98757
0.0656559
2.30715e-05
0.15802
0.0453568
0.379117
0.418743
0.321939
0.0543169
0.851883
0.849517
0.814952
0.769279
0.422664
0.380762
0.130618
0.402421
0.0382077
0.0410439
0.101577
0.925661
0.862498
0.559846
0.0071189
0.658672
0.124966
0.0281005
0.00272587
0.00730446
0.897394
0.971188
0.995502
0.788739
0.193319
0.96259
0.968546
0.832172
0.880219
0.996549
0.0997314
3.3195e-05
0.660495
0.792791
0.166913
0.0107318
0.00813501
0.0172358
0.859073
0.0061583
0.755035
0.441362
0.938738
0.564361
0.613679
0.999466
0.194201
0.834857
0.17315
0.297021
0.891531
0.97451
0.00142611
0.101185
0.0104327
0.881544
0.565727
0.938884
0.323371
0.818021
0.00797023
0.559317
0.00224941
0.975555
0.06702
0.183358
0.00746529
0.237834
0.464985
0.573762
0.0891749
0.0488673
0.814039
0.00961335
0.13873
0.735782
0.480733
0.0487164
0.0261863
0.994023
0.00139293
0.0304918
0.582078
0.398715
0.73989
0.021977
0.00155632
0.0681508
0.740431
0.202729
0.67711
0.185867
0.286806
0.985102
0.929987
0.942773
0.95658
0.000330716
0.00117009
0.492266
0.997531
0.0318379
0.986463
0.950218
0.672978
0.510885
0.0123523
0.922471
0.800822
0.0814106
0.393913
0.978771
0.0799146
0.537883
0.529519
0.0427914
0.965093
0.0361691
0.0161007
0.761738
0.074596
0.955536
0.0223266
0.958433
0.801313
0.0285352
0.09369
0.15854
0.784947
0.506226
0.83455
0.998683
0.00331193
0.000175635
0.741906
0.884428
0.191902
0.211636
0.863142
0.434329
0.0966392
0.556177
0.21196
0.0374798
0.861852
0.998508
0.0561453
0.99198
0.95994
0.565295
0.00628977
0.820669
0.136896
0.384971
0.986396
0.604998
0.989025
0.0662791
0.788646
0.792499
0.520116
0.99561
0.986427
0.974513
0.852606
0.0426879
3.43006e-05
0.858471
0.776498
0.346451
0.556316
0.0841919
0.116835
0.814466
0.769219
0.388558
0.870492
0.854776
0.997965
0.698193
0.813208
0.700389
0.67462
0.0442527
0.253046
0.0460803
0.855587
0.728356
0.976921
0.825057
0.811035
0.0356729
0.73897
0.459471
0.646529
0.234635
0.0193122
0.574021
0.761099
0.0562815
0.456406
0.983681
0.139372
0.219736
0.195851
0.324768
0.822
0.405877
0.682954
0.830082
0.0185462
0.213681
0.0377995
0.999952
0.0628008
0.0151271
0.224827
0.00249925
0.967743
0.543928
0.941598
0.0827376
0.64594
0.983258
0.154841
0.871005
0.813208
0.0240004
0.032534
0.205367
0.512069
0.996679
0.579473
0.063162
0.985535
0.811285
0.770045
0.789243
0.258671
0.0122276
0.792165
0.985362
0.0122247
0.379562
0.93498
0.745638
0.91276
0.124953
0.00828906
0.0137207
0.671598
0.294049
0.0778524
0.891354
0.812506
0.927103
0.027858
0.183322
0.174474
0.584513
0.519102
0.0247125
0.00529689
0.348425
0.826556
0.0167379
0.935738
0.539145
0.559487
0.0856482
0.310013
0.0373927
0.9376
0.831959
0.823355
0.0449113
0.187343
0.0373071
0.896452
0.896953
0.259208
0.108487
0.0511517
0.993122
0.554519
0.0631048
0.117759
0.284201
0.948817
0.306457
0.00654636
0.0411499
0.875446
0.0302794
0.385093
0.334728
0.776814
0.561555
0.952433
0.529536
0.960776
0.603612
0.386156
0.833052
0.0565657
0.626892
0.981543
0.00549114
0.101219
0.245553
0.391036
0.819088
0.89446
0.443444
0.48336
0.204602
0.953982
0.673684
0.00274015
0.993145
0.931562
0.989006
0.813209
0.325141
0.814331
0.297729
0.713674
0.970592
0.791172
0.344952
0.986415
0.148968
0.649899
0.583586
0.817463
0.956058
0.0721267
0.835323
0.654358
0.946775
0.0240949
0.403659
0.0007614
0.668456
0.00134905
0.995398
0.694214
0.203898
0.653471
0.0337459
0.268144
0.134719
0.174295
0.524054
0.00861356
0.0888705
0.994674
0.812843
0.650258
0.726674
0.0939053
0.57425
0.899622
0.995503
0.565235
0.209714
0.861191
0.0123051
0.949311
0.0175101
0.841652
0.808125
8.75529e-05
0.773411
0.888619
0.125454
0.951937
0.795284
0.772153
0.979195
0.17035
0.766127
0.779743
0.936178
0.973562
0.500705
0.0181233
0.984996
0.74468
0.969667
0.570276
0.735265
0.00088529
0.703758
0.455655
0.230201
0.000321832
0.385202
0.955703
0.444643
0.53742
0.884205
0.0252594
0.835573
0.58566
0.500305
0.00214234
0.095498
0.989572
0.0493432
0.98844
0.552771
0.176452
0.0357924
0.845574
0.347355
0.269169
0.839161
0.114853
0.979107
0.857397
0.0396416
0.748953
0.0132102
0.94436
0.908283
0.463757
0.196817
0.1917
0.953676
0.857465
0.993576
0.823816
0.575327
0.726312
0.743136
0.112455
0.605811
0.603794
0.582647
0.970521
0.354752
0.834872
0.104069
0.230837
0.731651
0.982433
0.157786
0.774041
0.990262
0.0220428
0.0680802
0.336507
0.912684
0.860318
0.272228
0.019949
0.792908
0.03853
0.0404708
0.880505
0.976261
0.157329
0.855333
0.986275
0.927874
0.605216
0.0989547
0.746353
0.665684
0.75313
0.454085
0.0603521
0.594609
0.951097
0.000806432
0.882994
0.000655972
0.997768
0.898159
0.0234493
0.905713
0.833247
0.567352
0.991021
0.715654
0.989345
0.602784
0.55074
0.178362
0.00109864
0.963816
0.827268
0.936835
0.150801
0.889397
0.0368857
0.227937
0.00838624
0.949572
0.646805
0.998143
0.533735
0.894335
0.245783
0.99793
0.0222514
0.973737
0.98546
0.873776
0.996352
0.161025
0.965172
0.822472
0.449681
0.955527
0.998177
0.0376388
0.120902
0.0477786
0.996159
0.0864875
0.0603294
0.994033
0.726344
0.506123
0.999013
0.000168569
0.895828
0.793001
0.153013
0.886613
0.978784
0.337921
0.385246
0.858259
0.665053
0.194029
0.66697
0.960492
0.659281
0.00964841
0.512185
0.966358
0.469272
0.45896
0.0448953
0.00844704
0.990102
0.10799
0.854518
0.779872
0.6339
0.391522
0.999423
0.923175
0.592457
0.842451
0.241039
0.201239
0.880969
0.988702
0.984768
0.258433
0.227875
0.454376
0.756696
0.649454
0.726289
0.050185
0.750409
0.306826
0.894437
0.196793
0.0600035
0.709491
0.942851
0.651355
0.923796
0.166312
0.517236
0.158242
0.885986
0.988863
0.849194
0.108516
0.300351
0.00291455
0.985687
0.118059
0.870631
0.515231
0.0193485
0.114087
0.702015
0.203937
0.699305
0.0109327
0.938815
0.594375
0.932833
0.953855
0.665183
0.656347
0.33298
0.223166
0.280609
0.908722
0.803063
0.008208
0.0468673
0.751141
0.0744275
0.661654
0.97568
0.12276
0.800893
0.00341904
0.589349
0.955135
0.919678
0.377459
0.0149567
0.796763
0.142587
0.915685
0.861598
0.786866
0.0113173
0.132053
0.254242
0.384084
0.951851
0.542178
0.886797
0.970875
0.923462
0.974032
0.000797081
0.095666
0.906584
0.00973451
0.493913
0.189628
0.997195
0.797872
0.321207
0.172114
0.326916
0.506495
0.991929
0.885115
0.532444
0.0827217
0.309904
0.761388
0.943484
0.690437
0.509208
0.0269367
0.00119748
0.0910146
0.702328
0.97881
0.0565042
0.997775
0.718603
0.00635764
0.627186
0.629332
0.000482942
0.0383734
0.944644
0.653508
0.217019
0.995568
0.153919
0.982949
0.0306623
0.180215
0.996533
0.0752391
0.244593
0.970782
0.12872
0.18083
0.861011
0.738424
0.399525
0.178281
0.632926
0.724202
0.0344486
0.999778
0.550132
0.0246826
0.0367508
0.829374
0.00240997
0.000822504
0.798565
0.0322996
0.858485
0.830573
0.881
0.423185
0.21879
0.971616
0.268859
0.686908
0.939088
0.226252
0.113599
0.986699
0.21964
0.941048
0.00188065
0.778362
0.979082
0.715183
0.568525
0.377768
0.10681
0.25835
0.709895
0.223767
0.984894
0.159736
0.29344
0.105159
0.0330574
0.0662158
0.63523
0.197801
0.864818
0.856363
0.532109
0.229272
0.455262
0.984308
0.93062
0.985491
0.899539
0.00771731
0.969246
0.0348886
0.0451952
0.0106606
0.471697
0.936701
0.287833
0.884732
0.976604
0.0835875
0.998966
0.16304
0.841854
0.622372
0.0579654
0.634038
0.973973
0.00155192
0.934648
0.481149
0.130487
0.654391
0.056121
0.718196
0.185682
0.743189
0.156107
0.670897
0.220774
0.0378017
0.46545
0.756171
0.350619
0.0349873
0.255438
0.007349
0.957699
0.0241109
0.196235
0.355015
0.564991
0.19534
0.829733
0.784523
0.856901
0.199365
0.334198
0.0147844
0.723714
0.696647
0.0992584
0.424684
0.603328
0.931087
0.136281
0.288878
0.999531
0.436125
0.966497
0.998571
0.369112
0.130047
0.534764
0.828542
0.971505
0.951237
0.0647032
0.845251
0.311086
0.57635
0.0346408
0.84118
0.96498
0.995355
0.965472
0.999805
0.168711
0.0340151
0.560791
0.0293952
0.280603
0.904734
0.540379
0.00274426
0.125956
0.312248
0.954045
0.85073
0.0351224
0.00246273
0.863243
0.816831
0.998102
0.30121
0.93569
0.655678
0.103618
0.222272
0.850448
0.150431
0.391697
0.784038
0.167474
0.874593
0.89209
0.995994
0.118643
0.999855
0.996125
0.0137661
0.00932227
0.684181
0.0111276
0.297082
0.0109593
0.0597599
0.978276
0.317648
0.55362
0.939756
0.889803
0.979274
0.748534
0.061462
0.646125
0.583503
0.948578
0.308077
0.1924
0.992045
0.458808
0.999259
0.999605
0.177063
0.0863223
0.174466
0.749322
0.0164405
0.931467
0.184059
0.0701884
0.297703
0.0107077
0.0950429
0.939359
0.0977128
0.246689
0.115081
0.000218033
0.523543
0.977587
0.970252
0.728733
0.680786
0.0716928
0.492062
0.682613
0.886868
0.551929
0.879321
0.535683
0.956589
0.351607
0.706954
0.402252
0.0539733
0.705652
0.776677
0.99539
0.977075
0.820604
0.995724
0.187822
0.993868
0.117785
0.706125
0.00523087
0.562762
0.990562
0.714567
0.131955
0.446435
0.108599
0.0349035
0.862363
0.94619
0.597742
0.0374853
0.994828
0.628879
0.315934
0.00937581
0.218091
0.541564
0.621607
0.0419944
0.321049
0.00351672
0.0395152
0.991065
0.0285511
0.53344
0.996915
0.883586
0.0042032
0.282315
0.139694
0.549412
0.00132427
0.0102067
0.291605
0.352268
0.206778
0.924462
0.9942
0.979046
0.534855
0.212845
0.393354
0.98196
0.972601
0.968162
0.301065
0.987065
0.0084865
0.139164
0.497478
0.89651
0.241758
0.959073
0.988406
0.0850826
0.528886
0.586565
0.223233
0.985441
0.00450731
0.761816
0.88397
0.540201
0.996301
0.618029
0.0186085
0.974491
0.494418
0.290705
0.881217
0.210834
0.721477
0.716153
0.00108068
0.0296033
0.804049
0.168293
0.967965
0.446405
0.0043453
0.702684
0.0719745
0.98764
0.564901
0.966621
0.657703
0.894345
0.866796
0.843012
0.83636
0.260448
0.696614
0.0176999
0.930383
0.953649
0.951838
0.0441865
0.968777
0.984458
0.0459838
0.95271
0.791789
0.642031
0.215235
0.899858
0.602554
0.909087
0.598765
0.826195
0.702058
0.0286557
0.830902
0.0662419
0.540544
0.040816
0.617929
0.269817
0.0425847
0.898015
0.754174
0.0530799
0.569216
0.95919
0.0184616
0.00666637
0.569543
0.128696
0.976732
0.994763
0.960682
0.898206
0.11101
0.853221
0.654977
0.000113467
0.00391255
0.118751
0.977847
0.450782
0.64342
0.985169
0.0297405
0.807666
0.995213
0.860977
0.347773
0.915806
0.0489703
0.84264
0.0638448
0.304056
0.732515
0.938544
0.0754192
0.219799
0.202581
0.00189961
0.708331
0.0551847
0.342633
0.940787
0.0155588
0.508623
0.768446
0.514696
0.715463
0.520949
0.513465
0.0573804
0.0941735
0.993912
0.00280558
0.832228
0.094236
0.716064
0.0984823
0.857259
0.971627
0.95912
0.86763
0.192706
0.989137
0.0050748
0.329276
0.506708
0.0303642
0.997641
0.00728621
0.0709217
0.769265
0.66208
0.261498
0.698506
0.990089
0.108321
0.988285
0.954332
0.999601
0.973618
0.257098
0.819232
0.615532
0.0588019
0.548732
0.741413
0.261632
0.14167
0.478543
0.363769
0.000577519
0.625832
0.902533
0.0205804
0.998852
0.181354
0.243587
0.81576
0.838864
0.906168
0.0713195
0.9795
0.577372
0.0949406
0.115728
0.830953
0.983241
0.0967636
0.326131
0.188771
0.000860011
0.456966
0.710716
0.731346
0.568112
0.297786
0.899094
0.000211876
0.0977305
0.967741
0.00303912
0.0241068
0.595707
0.880359
0.434301
0.71139
0.447112
0.966397
0.939563
0.237844
0.606942
0.779977
0.97106
0.0415471
0.738252
0.139816
0.017827
0.95171
0.436291
0.133876
0.0127073
0.896197
0.931071
0.13496
0.948326
0.990752
0.340781
0.00387254
0.913116
0.666999
0.994349
0.454132
0.447129
0.927222
0.230097
0.111676
0.586804
0.592497
0.991839
0.227738
0.00156887
0.00262022
0.870162
0.587575
0.79281
0.845773
0.0519905
0.93171
0.913314
0.894807
0.994593
0.721695
0.763559
0.992749
0.563191
0.0999999
0.148933
0.00202833
0.100254
0.994429
0.0656286
0.352935
0.807769
0.44991
0.871402
0.114396
0.964526
0.91605
0.994149
0.770802
0.945633
0.902437
0.535835
0.00232602
0.799709
0.0882706
0.222489
0.992028
0.504389
0.375524
0.966676
0.99831
0.0326395
0.363233
0.741818
0.968181
0.301787
0.585985
0.190124
0.0460038
0.0104472
0.782233
0.959782
0.094415
0.929199
0.0975012
0.862833
0.689161
0.635438
0.833575
0.814659
0.589198
0.0512594
0.357739
0.352432
0.977872
0.962387
0.956927
0.976526
0.11001
0.0340527
0.0323978
0.398957
0.932178
0.989658
0.917919
0.925218
0.146721
0.00210598
0.987749
0.982227
0.182151
0.781899
0.0155885
0.937616
0.357247
0.317479
0.660569
0.774813
0.889905
0.504262
0.59704
0.999839
0.894179
0.108108
0.848571
0.617005
0.0437518
0.898241
0.219238
0.775714
0.806599
0.964175
0.121787
0.101845
0.019173
0.831404
0.50982
0.368571
0.541907
0.991776
0.950769
0.0367763
0.52923
0.598812
0.239738
0.0708175
0.332638
0.873153
0.760642
0.937027
0.8606
0.840099
0.0999481
0.584626
0.950137
0.872955
0.499246
0.82231
0.128019
0.204832
0.941118
0.845218
0.757809
0.0204004
0.718103
0.239212
0.00397291
0.24038
0.071713
0.989545
0.842323
0.490966
0.0193238
0.000663337
0.980552
0.0230603
0.879143
0.720801
0.638573
0.707145
0.0179527
0.124675
0.880753
0.984036
0.924365
0.263066
0.0361957
0.00618308
0.96341
0.289023
0.010464
0.534765
0.141727
0.432389
0.836502
0.992589
0.275178
0.0491967
0.0332794
0.946821
0.984884
0.87545
0.89414
0.983698
0.00316537
0.589963
0.49381
0.00497846
0.584757
0.518671
0.835908
0.884817
0.32747
0.530887
0.633249
0.902489
0.0465963
0.011953
0.827756
0.0506858
0.0278491
0.168433
0.0209804
0.992847
0.755098
0.300818
0.9796
0.998388
0.250992
0.218178
0.159358
0.352464
0.488633
0.0709143
0.998786
0.442018
0.0771103
0.604875
0.0326559
0.135698
0.93142
0.684855
0.849918
0.461843
0.20553
0.0753575
0.751745
0.90251
0.683024
0.022927
0.00108582
0.121047
0.853937
0.28172
0.0886778
0.935009
0.997782
0.527846
0.145433
0.920757
0.974099
0.770488
0.0123388
0.061605
0.107777
0.88754
0.687222
0.893707
0.0192855
0.732969
0.43034
0.0606587
0.957478
0.195981
0.994045
0.923002
0.969917
0.857348
0.766745
0.0123567
0.254838
0.218548
0.1025
0.0208406
0.582848
0.234553
0.306288
0.96769
0.533078
0.718677
0.52268
0.717324
0.620532
0.00280675
0.0420297
0.822755
0.923743
0.953944
0.161903
0.490893
0.768667
0.76161
0.968015
0.00552972
0.980038
0.505416
0.768532
0.140756
0.157024
0.948026
0.0986107
0.00374319
0.714
0.933217
0.997613
0.98944
0.050688
0.298731
0.619566
0.25867
0.40622
0.310566
0.000558501
0.17624
0.983844
0.925267
0.958017
0.418737
0.970761
0.950623
0.0366512
0.997687
0.916848
0.858409
0.019408
0.041481
0.207165
0.98933
0.957277
0.000140668
0.0215049
0.867626
0.093461
0.0194053
0.757197
0.591955
0.106071
0.965195
0.8364
0.755102
0.999451
0.965073
0.525357
0.974946
0.0855754
0.206787
0.0673896
0.814642
0.0758153
0.448003
0.906949
0.905582
0.025542
0.933056
0.945371
0.892628
0.00109519
0.992734
0.916239
0.398712
0.624441
0.820696
0.636598
0.999817
0.252021
0.97562
0.188184
0.0756873
0.954855
0.0729763
0.116154
0.884554
0.976134
0.0871024
0.94867
0.34996
0.511646
0.969066
0.170427
0.990785
0.00705116
0.000704043
0.73047
0.987183
0.974567
0.987425
0.97112
0.94842
0.831002
0.508616
0.865855
0.0103359
0.00235814
0.00126052
0.983217
0.445751
0.990416
0.660994
0.785625
0.0170726
0.620366
0.106433
0.946991
0.993345
0.730855
0.905215
0.326811
0.955923
0.00218781
0.658016
0.0743687
0.467506
0.418999
0.177663
0.200527
0.0678274
0.506108
0.932537
0.957338
0.760389
0.518349
0.394365
0.667399
0.272281
0.774888
0.0654249
0.993621
0.939075
0.416491
0.0306239
0.897754
0.367866
0.769462
0.101058
0.318748
0.0136943
0.993709
0.992881
0.00596337
0.908626
0.00770053
0.679005
0.485929
0.963028
0.442748
0.00420651
0.789694
0.0219073
0.983031
0.895931
0.0324326
0.963986
0.203784
0.975232
0.476027
0.050781
0.275974
0.628037
0.018106
0.873044
0.987988
0.065219
0.181491
0.000240984
0.538231
0.959514
0.859196
0.624253
0.918452
0.0104457
0.011018
0.300063
0.0272262
0.591462
0.0556373
0.400279
0.127669
0.929657
0.860896
0.735854
0.984628
0.0140906
0.759925
0.00154477
0.0207413
0.0693529
0.0207611
0.0629704
0.00966446
0.166035
0.497095
0.0105537
0.0388108
0.449762
0.545921
0.811795
0.739824
0.701555
0.992877
0.000321022
0.884262
0.996787
0.977636
0.0124858
0.242085
0.560901
0.707637
0.000331084
0.125525
0.436727
0.867012
0.547779
0.0582567
0.829179
0.0152087
0.402042
0.00654597
0.0347333
0.333728
0.38924
0.940324
0.610704
0.923233
0.000820217
0.517899
0.907494
0.987405
0.779777
0.67387
0.974726
0.158953
0.0248272
0.995724
0.788649
0.0106184
0.416983
0.692131
0.55149
2.39695e-05
0.19303
0.020271
0.474297
0.415529
0.00402601
0.181344
0.919857
0.508589
0.770609
0.998977
0.972221
0.636622
0.0531627
0.990506
0.00600109
0.0899224
2.30061e-05
0.175505
0.915231
0.211485
0.0148501
0.994769
0.997942
0.191388
0.645839
0.887881
0.663906
0.897835
0.413128
0.0372126
0.0884123
0.240015
0.143835
0.00893471
0.148037
0.966613
0.760808
0.166786
0.448385
0.488162
0.121218
0.00454044
0.962221
0.0489276
0.771275
0.7938
0.543062
0.86254
0.117576
0.996212
0.315564
0.465317
0.281282
0.314422
0.826972
0.0581067
0.444556
0.0357249
0.402367
0.149616
0.96786
0.874891
0.999675
0.602756
0.727836
0.786254
0.817409
0.0195365
0.0307018
0.991424
0.991882
0.0342142
0.961833
0.328212
0.585062
0.772351
0.471561
0.986751
0.997136
0.618851
0.152245
0.0542022
0.99288
0.0266756
0.514455
0.640376
0.306157
0.48429
0.0349162
0.0667276
0.825595
0.834935
0.189179
0.687007
0.99493
0.998683
0.00264948
0.960758
0.211122
0.343239
0.992912
0.936152
0.236404
0.941339
0.307571
0.30201
0.0337633
0.992441
0.900449
0.960566
0.816828
0.584863
0.982522
3.71947e-06
0.286104
0.884274
0.983597
0.976094
0.23496
0.964495
0.0297701
0.201188
0.717274
0.987534
0.413659
0.033905
0.63125
0.520874
0.0122029
0.427675
0.169505
0.405797
0.510455
0.950697
0.268576
0.899169
0.987833
0.222227
0.799766
0.212779
0.998331
0.264826
0.811797
0.551972
0.116005
0.223547
0.993332
0.0224658
0.0856046
0.337961
0.054466
0.0673304
0.759456
0.0299451
0.894997
0.952499
0.480303
0.0337367
0.999866
0.734739
0.104626
0.469183
0.0886949
0.685695
0.0117565
0.0992218
0.986422
0.643584
0.0150772
0.629802
0.915675
0.967835
0.93692
0.997564
0.813574
0.0780766
0.254965
0.947594
0.983658
0.548781
0.111988
0.818134
0.397348
0.655771
0.856451
0.978107
0.00316876
0.354026
0.3515
0.121346
0.0196134
0.915631
0.737072
0.0302369
0.00404698
0.0640738
0.215817
0.00643273
0.159665
0.44437
0.901428
0.499133
0.123051
0.0100475
0.401272
0.281207
0.101992
0.00531678
0.573669
0.801386
0.000457519
0.00814606
0.996184
0.632002
0.992129
0.786647
0.986058
0.203021
0.310001
0.912197
0.000555731
0.968534
0.0214234
0.726445
0.523723
0.212073
0.889844
0.104933
0.902169
0.376199
0.708463
0.998351
0.859446
0.413313
0.62827
0.93417
0.742615
0.43771
0.85991
0.0150121
0.430564
0.713866
0.190753
0.124201
2.79863e-05
0.974304
0.946277
0.578894
0.927756
0.999523
0.00845068
0.979626
0.849321
0.648615
0.743477
0.0560728
0.22495
0.000875409
0.012832
0.950467
0.830781
0.657059
0.97946
0.755995
0.631662
0.559679
0.964078
0.995987
0.487834
0.797244
0.0117127
0.0753178
0.904073
0.378835
0.98004
0.118578
0.418946
0.0122111
0.042945
0.369704
0.976207
0.815753
0.767449
0.92668
0.323265
0.200164
0.753521
0.0191881
0.921175
0.981703
0.00159295
0.894621
0.687218
0.862951
0.00176984
0.75674
0.118919
0.847057
0.0660488
0.0107925
0.13002
0.136134
0.900251
0.384333
0.0147619
0.998907
0.367302
0.952822
0.274024
0.000426552
0.00240282
0.996202
0.815211
0.661499
0.0723776
0.938122
0.00184013
0.967794
0.0844474
0.011794
0.563693
0.000881707
0.103735
0.00742921
0.00887767
0.583355
0.277484
0.0085698
0.933369
0.988663
0.905564
0.0275053
0.339829
0.969586
0.0161457
0.430307
0.202606
0.954537
0.000908007
0.00341248
0.656489
0.0150958
0.78703
0.951285
0.554648
0.0979544
0.781778
0.119808
0.22706
0.0436983
0.000783859
0.999668
0.943621
0.990664
0.135966
0.302105
0.995319
0.238179
0.99711
0.0115949
0.0321229
0.000258138
0.863132
0.0640675
0.0157082
0.12202
0.494245
0.299654
0.443514
0.174415
0.0151535
0.967943
0.897979
0.972358
0.884306
0.0128174
0.0577415
0.930804
0.654078
0.11397
0.773014
0.889282
0.937888
0.798
0.300334
0.0105546
0.835911
0.0139483
0.0447947
0.0117164
0.684155
0.353228
0.269875
0.961312
0.000103313
0.255786
0.389606
0.545645
0.94708
0.367462
0.856608
0.362991
0.269846
0.548518
0.248274
0.00164658
0.731445
0.640519
0.669159
0.584584
0.671245
0.144227
0.00634004
0.0683955
0.907802
0.755523
0.990112
0.847361
0.0159371
0.0160745
0.792865
0.252928
0.552149
0.0483909
0.0659534
0.788802
0.964211
0.0179353
0.0105155
0.0157111
0.0872376
0.553032
0.896916
0.00449454
0.0772631
0.173422
0.0158886
0.592254
0.0105703
0.978538
0.93909
0.373306
0.550001
0.750256
0.546614
0.238944
0.137886
0.749873
0.992789
0.956933
0.850057
0.970056
0.985658
0.0220413
0.568441
0.234184
0.303884
0.553521
0.140337
0.955634
0.220229
0.686489
0.00558886
0.764126
0.988057
0.863333
0.449317
0.924289
0.571124
0.957061
0.959721
0.986407
0.820155
0.789284
0.208253
0.17177
0.524287
0.671276
0.636732
0.0233932
0.0364852
0.0133158
0.8504
0.397855
0.989337
0.204077
0.0454362
0.975751
0.294966
0.824968
0.950447
0.912704
0.000257296
0.32729
0.851026
0.51735
0.00120821
0.993572
0.913044
0.890861
0.281812
0.917593
0.465289
0.669312
0.502995
0.0120706
0.267832
0.537468
0.967738
0.789226
0.212851
0.733421
0.00529875
0.767433
0.242481
0.100858
0.35027
0.800271
0.996845
0.043519
0.954654
0.136966
