0.882268
0.906434
0.539645
0.0959769
0.804091
0.125959
0.906274
0.877234
0.906288
0.0956686
0.906433
0.802251
0.897803
0.150799
0.240807
0.783167
0.0956718
0.131746
0.906089
0.662643
0.309894
0.90429
0.898412
0.219131
0.103233
0.143406
0.0958953
0.0962842
0.0958244
0.897735
0.904008
0.448116
0.113666
0.0998643
0.120667
0.0957298
0.185881
0.887155
0.118207
0.184612
0.185365
0.906434
0.884021
0.878055
0.905783
0.133258
0.423305
0.226909
0.905798
0.158459
0.657638
0.0957794
0.0957187
0.0989807
0.385718
0.889424
0.0975356
0.11104
0.570269
0.328055
0.905802
0.102527
0.0956674
0.673093
0.100458
0.888416
0.15125
0.0956667
0.901474
0.896755
0.0960935
0.905138
0.887167
0.905108
0.905634
0.0956711
0.0956745
0.906428
0.0956753
0.812137
0.17254
0.411514
0.0957897
0.865071
0.0971533
0.0959455
0.849282
0.095881
0.169126
0.0956673
0.158925
0.11781
0.0956791
0.0956674
0.0956776
0.90557
0.678108
0.196676
0.52589
0.166246
0.236112
0.0956667
0.898891
0.905963
0.102257
0.105227
0.898119
0.0978585
0.901532
0.722963
0.0956675
0.904757
0.106099
0.323756
0.131225
0.863655
0.0956872
0.671745
0.890836
0.244027
0.685974
0.901626
0.906422
0.905609
0.0957427
0.687095
0.898301
0.815045
0.870067
0.601235
0.390228
0.608129
0.860327
0.0960112
0.104572
0.906436
0.229051
0.899614
0.405778
0.906402
0.734906
0.129178
0.904489
0.833737
0.0960503
0.888793
0.905545
0.672434
0.905666
0.901082
0.906031
0.40791
0.89271
0.873276
0.903471
0.096513
0.107253
0.0995712
0.906436
0.0959746
0.905891
0.107775
0.528889
0.899432
0.73845
0.0959122
0.0956668
0.336972
0.103841
0.10099
0.800778
0.906404
0.56807
0.906331
0.192614
0.121331
0.906423
0.853111
0.104444
0.307999
0.88871
0.15287
0.132615
0.107235
0.906402
0.891584
0.0956745
0.899618
0.829402
0.244376
0.0956786
0.300127
0.693796
0.754251
0.132634
0.905582
0.0979218
0.906326
0.904517
0.0956679
0.905444
0.90521
0.903776
0.0960763
0.452575
0.902796
0.895829
0.864596
0.0965787
0.905948
0.904281
0.0961623
0.870845
0.777077
0.102006
0.168252
0.881482
0.255833
0.860714
0.199343
0.0961762
0.605678
0.0996581
0.905598
0.0969683
0.904492
0.905619
0.7463
0.906423
0.904803
0.199694
0.906159
0.708953
0.902204
0.607981
0.705817
0.0959518
0.0956927
0.124588
0.0956697
0.0963718
0.644517
0.138419
0.871538
0.847171
0.893811
0.0956859
0.103481
0.901993
0.243748
0.234795
0.609137
0.136521
0.0956668
0.878768
0.905928
0.906417
0.894482
0.109803
0.453387
0.891888
0.0976378
0.0956736
0.137154
0.904633
0.167382
0.889167
0.883732
0.0957054
0.906313
0.906417
0.0957399
0.906422
0.906089
0.899902
0.095674
0.860371
0.271114
0.896923
0.09571
0.788719
0.455527
0.851166
0.0957817
0.212114
0.868476
0.10154
0.860181
0.893545
0.906214
0.904952
0.0957644
0.589503
0.905484
0.0992502
0.12069
0.09807
0.380907
0.268769
0.102506
0.899707
0.102208
0.113073
0.102672
0.876625
0.290459
0.0956691
0.89983
0.0961573
0.437736
0.446072
0.906428
0.10718
0.330253
0.906395
0.83579
0.722024
0.0961084
0.605945
0.903867
0.115416
0.906343
0.874071
0.906147
0.0957435
0.0956667
0.0956668
0.0961409
0.0957557
0.685722
0.0958772
0.0984343
0.101496
0.164714
0.155457
0.0956952
0.895627
0.184526
0.904704
0.90625
0.096841
0.0959088
0.129915
0.905748
0.90631
0.0959148
0.901967
0.898832
0.90327
0.0956679
0.788684
0.904853
0.881477
0.904112
0.706896
0.0976503
0.0963438
0.859687
0.668289
0.799109
0.121431
0.195667
0.892842
0.137862
0.836174
0.584021
0.901455
0.095667
0.70997
0.819731
0.90626
0.904735
0.105644
0.906368
0.593898
0.906167
0.097911
0.905757
0.402923
0.0980904
0.0988159
0.125005
0.902504
0.159357
0.157209
0.905691
0.906039
0.906266
0.0970231
0.153879
0.900921
0.836291
0.906263
0.900314
0.906377
0.90643
0.25509
0.0958478
0.892733
0.891634
0.867785
0.655584
0.8931
0.904257
0.145226
0.0978223
0.106444
0.852445
0.110537
0.0961751
0.906375
0.900484
0.0957006
0.0957118
0.0956668
0.902187
0.19063
0.120377
0.0957716
0.902158
0.0977159
0.09719
0.904071
0.300674
0.906047
0.901155
0.0956667
0.322895
0.906072
0.906392
0.244799
0.903251
0.0981993
0.0956759
0.258514
0.101428
0.901381
0.906411
0.0973196
0.90588
0.904771
0.546187
0.905322
0.0969289
0.860686
0.836139
0.884579
0.903197
0.901129
0.148365
0.2245
0.0981811
0.906164
0.906352
0.104483
0.445656
0.882439
0.90283
0.869169
0.0956667
0.906417
0.0959723
0.906422
0.211503
0.0956676
0.09969
0.902679
0.892422
0.575664
0.48456
0.0956667
0.274112
0.880974
0.133143
0.0956668
0.878559
0.172905
0.0956667
0.906282
0.192844
0.0956693
0.90548
0.843087
0.226239
0.901166
0.109503
0.413826
0.891346
0.905132
0.865264
0.904915
0.0972913
0.900559
0.883476
0.904646
0.095708
0.720578
0.906413
0.415066
0.906405
0.905178
0.197833
0.885642
0.0998119
0.382151
0.252765
0.096591
0.0962271
0.894256
0.575905
0.85547
0.882145
0.78611
0.902047
0.906339
0.906241
0.0956717
0.0956672
0.294742
0.0956667
0.351114
0.100036
0.0974756
0.330361
0.101763
0.862815
0.541785
0.0956827
0.905095
0.905293
0.485842
0.906426
0.117012
0.137696
0.188009
0.0966146
0.0956758
0.878196
0.905871
0.719555
0.343192
0.0956667
0.906432
0.0977685
0.884917
0.568139
0.28316
0.785857
0.306249
0.0956694
0.130448
0.219778
0.869864
0.652177
0.102208
0.0956803
0.488721
0.0956855
0.312627
0.0956783
0.385814
0.0963926
0.905613
0.205584
0.102816
0.098418
0.302688
0.095732
0.903431
0.0956673
0.610983
0.904972
0.266926
0.906229
0.118277
0.895198
0.896917
0.808149
0.875399
0.106537
0.628203
0.143443
0.905894
0.906074
0.616449
0.190467
0.656207
0.905974
0.197322
0.905048
0.198684
0.899628
0.432372
0.339132
0.842516
0.875966
0.537456
0.130555
0.227989
0.0956667
0.125123
0.778141
0.0972794
0.892345
0.896778
0.779166
0.468855
0.127196
0.899408
0.905853
0.0956849
0.227254
0.104739
0.90031
0.0959225
0.0962918
0.906434
0.906322
0.901816
0.675142
0.127738
0.881838
0.901888
0.879433
0.284721
0.507977
0.847915
0.0974363
0.849448
0.0957739
0.436732
0.23353
0.905126
0.121636
0.763159
0.180225
0.0959722
0.0962541
0.898669
0.89795
0.90594
0.821119
0.905923
0.598164
0.584064
0.0956691
0.905879
0.329866
0.0979622
0.0956819
0.0956714
0.893661
0.157002
0.906429
0.901854
0.602828
0.231084
0.861403
0.906219
0.906225
0.704309
0.90133
0.219631
0.0987622
0.637896
0.0957663
0.0957465
0.434451
0.896878
0.906427
0.11725
0.905598
0.906434
0.894812
0.0956705
0.166842
0.320218
0.0957536
0.827907
0.0958054
0.87296
0.853977
0.902382
0.845677
0.887055
0.905456
0.890481
0.0961123
0.90626
0.78566
0.0963604
0.108301
0.883353
0.90402
0.393443
0.0956667
0.718437
0.0957123
0.834146
0.156263
0.880429
0.815869
0.888534
0.906425
0.400644
0.885473
0.906396
0.906436
0.160863
0.255403
0.0998338
0.904349
0.0956827
0.12904
0.0956725
0.904121
0.544589
0.807311
0.906434
0.906196
0.104019
0.847271
0.891266
0.900958
0.492583
0.130568
0.852753
0.583621
0.0956667
0.103053
0.0979452
0.112107
0.563794
0.901754
0.875857
0.493359
0.903343
0.150332
0.0957397
0.454776
0.682651
0.100781
0.095702
0.905801
0.870112
0.906079
0.0994918
0.396424
0.905913
0.52804
0.8939
0.0972875
0.906371
0.397897
0.831044
0.0961251
0.173452
0.873045
0.876279
0.0989248
0.396828
0.870776
0.905604
0.906435
0.90596
0.12168
0.465221
0.708615
0.902316
0.906432
0.906384
0.0957107
0.0964253
0.508565
0.901285
0.480475
0.855335
0.104514
0.901056
0.0957104
0.878156
0.841571
0.557576
0.752535
0.0961568
0.410823
0.885569
0.350789
0.101223
0.120369
0.906385
0.429725
0.890779
0.217298
0.095667
0.86789
0.275764
0.772139
0.0956682
0.0959134
0.30164
0.0956667
0.161661
0.48662
0.127176
0.888407
0.772959
0.524652
0.904689
0.906435
0.906426
0.894091
0.778101
0.244956
0.192064
0.0958147
0.559148
0.0957986
0.904917
0.130441
0.529673
0.768872
0.902072
0.906421
0.137963
0.0957585
0.906379
0.62124
0.122889
0.896519
0.823712
0.900248
0.903118
0.718561
0.0956825
0.474857
0.110543
0.12199
0.0959263
0.905351
0.0956816
0.885654
0.670482
0.896906
0.206279
0.901062
0.113338
0.130262
0.890815
0.906422
0.90598
0.904562
0.0957033
0.906406
0.309438
0.124214
0.906435
0.0956794
0.220549
0.758114
0.884977
0.90643
0.10948
0.897246
0.896393
0.906214
0.233541
0.0983851
0.905445
0.892364
0.9039
0.0980158
0.904363
0.551308
0.0970224
0.247615
0.116227
0.819996
0.637612
0.501478
0.0956671
0.904008
0.565115
0.0968219
0.0956997
0.905779
0.820091
0.237668
0.898519
0.149171
0.10099
0.096262
0.887552
0.0967132
0.906422
0.745743
0.815146
0.897188
0.128687
0.656837
0.895622
0.505359
0.202829
0.673757
0.0964872
0.0962159
0.906291
0.905622
0.877976
0.894604
0.906435
0.905611
0.199135
0.679145
0.901539
0.095747
0.906423
0.110598
0.631472
0.0961927
0.848445
0.123809
0.555417
0.0957012
0.900835
0.10068
0.19472
0.142064
0.902096
0.809589
0.406713
0.900079
0.886461
0.106036
0.906424
0.831405
0.0965695
0.906432
0.248959
0.901308
0.0966228
0.905502
0.593508
0.0970709
0.0956667
0.897954
0.129089
0.902647
0.0957839
0.317247
0.904556
0.906352
0.095777
0.0956673
0.441304
0.906053
0.886338
0.167001
0.851386
0.906338
0.906411
0.885218
0.0956667
0.238577
0.095862
0.906431
0.894006
0.857769
0.905404
0.173779
0.306021
0.906276
0.0956682
0.904888
0.0958796
0.0956683
0.866005
0.0957769
0.891812
0.905624
0.105889
0.468588
0.0956667
0.864541
0.43428
0.0956699
0.178743
0.268009
0.0958695
0.905619
0.096105
0.309913
0.353615
0.303141
0.872434
0.0959804
0.095668
0.410188
0.128807
0.10066
0.108245
0.899039
0.90633
0.902201
0.0956674
0.90629
0.855256
0.0965618
0.0956667
0.108745
0.906422
0.173827
0.0962554
0.0961596
0.100339
0.374231
0.906435
0.110414
0.782463
0.887938
0.0958946
0.0956956
0.408149
0.258478
0.0962067
0.843073
0.125791
0.904924
0.101192
0.800412
0.105246
0.788737
0.161344
0.902608
0.905765
0.105608
0.613736
0.895148
0.0956684
0.0965526
0.13177
0.905656
0.906435
0.828311
0.906435
0.0956877
0.115833
0.774846
0.167775
0.834448
0.103576
0.0959426
0.904162
0.906435
0.906363
0.905204
0.0956719
0.837785
0.104964
0.0961775
0.877875
0.906395
0.0956863
0.875609
0.579494
0.435465
0.443754
0.0956908
0.0978905
0.154679
0.0956778
0.509195
0.0957849
0.905772
0.0963775
0.81571
0.104294
0.0956668
0.89457
0.904292
0.906435
0.896393
0.899979
0.0956668
0.382065
0.89575
0.847884
0.273154
0.905087
0.109549
0.101319
0.0956687
0.906432
0.898491
0.118812
0.327289
0.0956974
0.903043
0.905173
0.137654
0.0956812
0.0956667
0.90636
0.0957202
0.90304
0.860085
0.778615
0.894752
0.0957057
0.09574
0.905129
0.791473
0.0956668
0.0960571
0.0958973
0.599698
0.0957738
0.81182
0.0962279
0.100889
0.0956679
0.596586
0.897438
0.0956839
0.904118
0.897431
0.0957302
0.743178
0.904776
0.766453
0.90633
0.0968486
0.904668
0.101294
0.0961275
0.0956667
0.90277
0.112101
0.90609
0.905075
0.904322
0.125165
0.0956724
0.65141
0.835506
0.0980165
0.0964076
0.380176
0.905677
0.0958002
0.330748
0.0992387
0.095669
0.122212
0.796583
0.0971646
0.905632
0.896251
0.157941
0.901092
0.897116
0.0956736
0.247179
0.782316
0.39036
0.906197
0.77727
0.906332
0.430133
0.36328
0.16331
0.90624
0.775076
0.904989
0.185997
0.0956714
0.0957259
0.816669
0.906433
0.635333
0.906434
0.906399
0.0962414
0.0957019
0.15768
0.8788
0.114816
0.0956668
0.11345
0.1172
0.106742
0.0956698
0.352208
0.0957287
0.0972429
0.0956668
0.183093
0.814037
0.705834
0.906394
0.848669
0.0956958
0.0956684
0.888328
0.158152
0.179754
0.906426
0.47247
0.778327
0.79023
0.415318
0.906334
0.150575
0.189906
0.432429
0.89413
0.905257
0.196901
0.0967855
0.719492
0.90642
0.0998103
0.103537
0.896931
0.0962515
0.906425
0.651046
0.4504
0.102397
0.901686
0.906424
0.881012
0.225162
0.906436
0.103586
0.896952
0.106413
0.683933
0.818677
0.905383
0.906436
0.904748
0.100405
0.905899
0.892825
0.474832
0.8824
0.906436
0.880576
0.904702
0.904918
0.122886
0.370319
0.906328
0.897761
0.10504
0.742258
0.903563
0.102766
0.105567
0.10729
0.414675
0.906436
0.906377
0.0961065
0.897804
0.906435
0.0957028
0.901523
0.899782
0.253308
0.111786
0.906436
0.0957332
0.88401
0.26384
0.905895
0.36661
0.905829
0.106181
0.466388
0.898875
0.0967131
0.109111
0.340809
0.0968728
0.906309
0.791256
0.906433
0.103784
0.105053
0.0958815
0.0956712
0.190868
0.716759
0.0956723
0.106974
0.905251
0.764796
0.0957141
0.109434
0.0974311
0.841299
0.905969
0.759991
0.648116
0.898271
0.13873
0.0968722
0.901748
0.901571
0.828751
0.464808
0.886801
0.906429
0.397825
0.815525
0.112519
0.0958814
0.898883
0.47564
0.906436
0.836241
0.23795
0.128855
0.900316
0.90511
0.097319
0.902469
0.902409
0.906435
0.905098
0.141244
0.0956682
0.906422
0.107941
0.102016
0.906414
0.0979702
0.422814
0.871086
0.906435
0.114491
0.875227
0.784472
0.876139
0.860005
0.11208
0.644706
0.897962
0.103937
0.231744
0.903955
0.863261
0.901868
0.0994123
0.0956702
0.0956782
0.726508
0.906102
0.296608
0.158909
0.0961156
0.906434
0.645476
0.106934
0.0969035
0.0959059
0.873298
0.0982697
0.906318
0.902594
0.0956917
0.224715
0.891651
0.904639
0.900369
0.825598
0.891891
0.740659
0.857553
0.888867
0.233925
0.900632
0.757091
0.699318
0.906436
0.836919
0.904961
0.104679
0.114071
0.0989904
0.905591
0.745001
0.115383
0.125596
0.795869
0.0985503
0.89631
0.108051
0.095669
0.837564
0.882664
0.901588
0.182797
0.196899
0.329897
0.872744
0.68613
0.192641
0.113165
0.847757
0.905387
0.289105
0.744601
0.887822
0.097628
0.0956872
0.0981674
0.900691
0.906374
0.86202
0.903089
0.865174
0.9062
0.88668
0.900771
0.90298
0.225542
0.0957997
0.88561
0.0956695
0.879908
0.659783
0.836924
0.105161
0.902595
0.906436
0.850191
0.885969
0.114743
0.0966611
0.699354
0.615814
0.555673
0.90196
0.906426
0.903219
0.906288
0.289809
0.906435
0.0968109
0.0962828
0.0959648
0.90475
0.457002
0.796682
0.159692
0.903005
0.732975
0.103765
0.161678
0.906435
0.0957276
0.873878
0.0956947
0.718568
0.8907
0.134801
0.135075
0.906158
0.899752
0.113507
0.894411
0.0956667
0.906309
0.739829
0.0959272
0.892137
0.906215
0.172896
0.906158
0.108346
0.906371
0.096158
0.905789
0.898387
0.0956667
0.884292
0.845617
0.693318
0.870729
0.906421
0.0957173
0.442098
0.138593
0.738853
0.866834
0.904823
0.0958099
0.898695
0.0956767
0.507224
0.230875
0.283424
0.895468
0.890039
0.373514
0.905544
0.0981131
0.0956681
0.906309
0.862587
0.89777
0.0956837
0.095813
0.111815
0.0959732
0.906215
0.903224
0.879161
0.105472
0.146904
0.902358
0.906436
0.120282
0.892117
0.906259
0.128945
0.904608
0.906172
0.906374
0.704399
0.874015
0.902238
0.0957122
0.904559
0.110447
0.0958684
0.905807
0.162129
0.186403
0.755643
0.906434
0.359853
0.102732
0.0962164
0.855009
0.0956685
0.906395
0.0976986
0.88408
0.868001
0.904607
0.838464
0.339087
0.103593
0.0963889
0.901161
0.120837
0.0975895
0.105293
0.796509
0.0957538
0.902154
0.101029
0.481661
0.0973759
0.905574
0.0956682
0.90503
0.551791
0.906266
0.90634
0.100385
0.0964166
0.134681
0.0984133
0.0964634
0.90534
0.09619
0.0970923
0.0964961
0.0956667
0.669613
0.194117
0.0957711
0.906389
0.265838
0.906065
0.906104
0.851445
0.89561
0.117331
0.901037
0.0971413
0.812267
0.489744
0.095837
0.818181
0.850345
0.095667
0.205759
0.903992
0.906431
0.25409
0.906426
0.429356
0.906384
0.15438
0.906425
0.14576
0.904986
0.101415
0.0966733
0.904633
0.853932
0.197524
0.906389
0.104446
0.905087
0.0956808
0.890865
0.810164
0.904526
0.906427
0.0992285
0.896707
0.353765
0.906416
0.0957164
0.285039
0.280106
0.733268
0.102052
0.373204
0.87074
0.111152
0.906281
0.476667
0.603122
0.884674
0.901252
0.807256
0.363642
0.906386
0.0956667
0.905999
0.574215
0.74587
0.903601
0.875683
0.0957291
0.0956724
0.906271
0.905834
0.678861
0.457797
0.856793
0.739759
0.85192
0.905046
0.0957666
0.0967855
0.906336
0.659809
0.898273
0.751735
0.126878
0.902572
0.861955
0.899612
0.0961655
0.0963456
0.841911
0.731219
0.905622
0.842684
0.754823
0.117061
0.191409
0.0976716
0.628863
0.458489
0.0985941
0.765242
0.904576
0.202268
0.115422
0.27325
0.90018
0.0974782
0.489104
0.0956667
0.122902
0.100439
0.817139
0.468927
0.873014
0.718083
0.905901
0.881223
0.90138
0.906419
0.44289
0.638187
0.819071
0.101964
0.0957172
0.89937
0.189482
0.0975942
0.0963687
0.095668
0.906093
0.660568
0.125542
0.335926
0.378067
0.395768
0.096156
0.904432
0.206524
0.0956886
0.906378
0.855677
0.906151
0.438594
0.437498
0.103095
0.100876
0.904519
0.0976113
0.101996
0.56103
0.886838
0.804196
0.906403
0.0956677
0.0974026
0.096026
0.905446
0.0956668
0.905525
0.906263
0.102074
0.89405
0.575576
0.90641
0.101703
0.0993893
0.241272
0.906434
0.904595
0.0984036
0.385549
0.0956673
0.210937
0.905888
0.903004
0.146647
0.828191
0.906395
0.906163
0.0976663
0.0972835
0.833514
0.166069
0.594558
0.142146
0.865314
0.0965423
0.899336
0.903319
0.130681
0.899954
0.895656
0.902674
0.906419
0.620391
0.0956879
0.101231
0.100402
0.0957098
0.905116
0.90624
0.906052
0.837023
0.0956683
0.489258
0.884673
0.0956972
0.0976528
0.84258
0.0970245
0.122859
0.801202
0.906389
0.103144
0.25405
0.814549
0.905517
0.382342
0.905716
0.09871
0.906436
0.906074
0.0962348
0.0959045
0.906435
0.0956942
0.906335
0.899217
0.798457
0.896876
0.122685
0.721711
0.746223
0.383934
0.0960651
0.654201
0.890526
0.90635
0.302573
0.878961
0.903998
0.0956695
0.0956668
0.906435
0.104306
0.725401
0.155985
0.0959268
0.0957807
0.0957364
0.769453
0.866
0.905853
0.115326
0.437345
0.0960341
0.888987
0.863175
0.737595
0.149634
0.0956691
0.880681
0.652612
0.906402
0.125038
0.906435
0.0977429
0.900912
0.892814
0.263028
0.183427
0.513296
0.0956916
0.0956667
0.126308
0.901815
0.905688
0.0958561
0.673275
0.896419
0.318703
0.753116
0.0958184
0.90642
0.887147
0.82972
0.0956667
0.876386
0.734407
0.4609
0.0956667
0.903787
0.107018
0.901098
0.554115
0.0956699
0.833395
0.906436
0.0956998
0.28422
0.903349
0.394254
0.102563
0.117257
0.8419
0.11505
0.539444
0.219304
0.904048
0.904508
0.129886
0.149169
0.102873
0.119377
0.906302
0.660393
0.905325
0.435133
0.888853
0.098654
0.870219
0.906414
0.0956667
0.0965513
0.906205
0.906011
0.391678
0.894662
0.0987521
0.905837
0.904337
0.102314
0.23959
0.891817
0.0956667
0.0956823
0.190395
0.904927
0.188683
0.898848
0.0965415
0.820907
0.0960506
0.116576
0.89585
0.89997
0.0957036
0.79848
0.868225
0.793412
0.442814
0.268005
0.543468
0.164267
0.906374
0.904767
0.906417
0.861579
0.892002
0.106511
0.701495
0.750548
0.101745
0.896499
0.121174
0.0957283
0.698363
0.897185
0.101895
0.751906
0.906434
0.0958708
0.807344
0.0962373
0.353172
0.0982435
0.0959607
0.694771
0.0956667
0.0965775
0.837914
0.0956717
0.363385
0.0958464
0.557981
0.46749
0.71581
0.124329
0.896105
0.844164
0.110292
0.882113
0.0956668
0.900453
0.906162
0.899345
0.892806
0.870343
0.897738
0.120501
0.0956948
0.906428
0.09568
0.0956667
0.252584
0.115449
0.469594
0.906089
0.905902
0.0981417
0.90463
0.906435
0.150685
0.0956681
0.0981094
0.668039
0.138907
0.487555
0.906339
0.16208
0.906221
0.806949
0.892368
0.0956667
0.095948
0.905737
0.0968098
0.114941
0.0961704
0.846427
0.177297
0.875183
0.90609
0.906436
0.0960923
0.0958096
0.0959841
0.906269
0.102522
0.902042
0.107727
0.829128
0.900715
0.0956669
0.116271
0.66373
0.906434
0.906435
0.241916
0.550919
0.162395
0.662731
0.108742
0.905008
0.0956674
0.890821
0.866021
0.290194
0.110851
0.906436
0.0956667
0.101845
0.138454
0.118294
0.905213
0.906057
0.684894
0.0957187
0.100244
0.199976
0.88981
0.166208
0.883369
0.0956742
0.802622
0.830166
0.465616
0.902742
0.096202
0.152982
0.174994
0.109209
0.299633
0.16644
0.28652
0.101078
0.095831
0.345136
0.0969263
0.095693
0.0959638
0.906241
0.891968
0.0958709
0.0956688
0.896072
0.0957055
0.139773
0.880597
0.0956723
0.906409
0.0957257
0.87042
0.0958706
0.336739
0.90566
0.906327
0.327113
0.905881
0.905992
0.0956732
0.906435
0.881029
0.878924
0.847102
0.0958519
0.554714
0.0970023
0.818851
0.806364
0.905145
0.703954
0.095824
0.906381
0.906298
0.906416
0.09574
0.652657
0.202875
0.135717
0.901976
0.869893
0.0960043
0.671895
0.424825
0.663801
0.109669
0.905896
0.0970283
0.906436
0.10443
0.870106
0.791465
0.906397
0.853437
0.906374
0.109342
0.906205
0.720246
0.906435
0.402283
0.176326
0.0959525
0.0991443
0.896948
0.0956682
0.0984772
0.905431
0.906186
0.0974965
0.63451
0.906321
0.150553
0.646
0.904167
0.903733
0.906435
0.33118
0.0957502
0.906393
0.0957833
0.636014
0.0956677
0.0956667
0.900274
0.376657
0.0956677
0.0976427
0.0956703
0.888302
0.863175
0.0956667
0.840192
0.906116
0.906392
0.362315
0.789713
0.811747
0.100728
0.644205
0.906334
0.105932
0.141511
0.31682
0.891056
0.631414
0.906436
0.0963118
0.152658
0.905625
0.905962
0.0958965
0.606939
0.902154
0.100589
0.759379
0.0956791
0.0965391
0.794927
0.590818
0.872611
0.858292
0.904351
0.340213
0.881743
0.714449
0.902696
0.0980492
0.878651
0.906428
0.904713
0.0962372
0.905131
0.386645
0.906422
0.757188
0.471134
0.0958652
0.904813
0.906392
0.0991444
0.141052
0.285779
0.0957504
0.606777
0.0961241
0.0956668
0.383141
0.0957948
0.90437
0.906233
0.904682
0.894096
0.0957339
0.905944
0.118976
0.82415
0.902776
0.136508
0.354432
0.0957656
0.121825
0.906247
0.905708
0.100417
0.109912
0.104121
0.0956669
0.892039
0.897983
0.0973912
0.138948
0.735451
0.0962678
0.726606
0.109006
0.626513
0.0956672
0.200882
0.90537
0.127033
0.0989744
0.904858
0.0957822
0.113156
0.906413
0.106819
0.24646
0.901947
0.109153
0.0959608
0.0958423
0.746539
0.772423
0.575664
0.397672
0.0956744
0.0973073
0.126498
0.906214
0.906413
0.180155
0.0964439
0.223734
0.900654
0.9055
0.879326
0.905332
0.0956671
0.897015
0.100873
0.381106
0.88204
0.0956667
0.896784
0.0957868
0.103483
0.890442
0.0957849
0.833546
0.878039
0.905604
0.0956667
0.0956667
0.0956683
0.800273
0.0956667
0.73167
0.905089
0.905989
0.0956746
0.0957225
0.0956667
0.0956667
0.105286
0.294626
0.898985
0.885303
0.906272
0.665021
0.899344
0.757349
0.906419
0.0993356
0.903911
0.100243
0.0956781
0.0956667
0.0956672
0.904167
0.88861
0.726062
0.135622
0.296678
0.434089
0.727767
0.0956669
0.906376
0.390636
0.095796
0.101822
0.100566
0.895074
0.895897
0.906348
0.0956802
0.271082
0.0969811
0.614144
0.905942
0.096289
0.807433
0.0966695
0.0956702
0.776102
0.167847
0.551232
0.503523
0.906316
0.88188
0.906354
0.874405
0.197777
0.105368
0.886135
0.904464
0.126938
0.111507
0.24708
0.88586
0.906426
0.768815
0.109585
0.117631
0.906411
0.903045
0.905125
0.704774
0.0964904
0.895073
0.107764
0.516187
0.720758
0.116692
0.906255
0.145057
0.116478
0.8063
0.651359
0.171415
0.723644
0.0976093
0.852764
0.895945
0.102062
0.892051
0.905771
0.865007
0.90643
0.0962069
0.0984791
0.107672
0.282016
0.328608
0.90592
0.117699
0.0956668
0.110616
0.905758
0.838713
0.906435
0.838528
0.146832
0.9064
0.0965994
0.37846
0.136152
0.429333
0.862559
0.24862
0.096706
0.869227
0.129531
0.095667
0.903112
0.897466
0.899974
0.267566
0.800818
0.0956667
0.113122
0.102016
0.10714
0.26726
0.095675
0.869776
0.840669
0.476015
0.90418
0.483091
0.152365
0.0957386
0.0997946
0.865775
0.786231
0.24569
0.0966043
0.543572
0.904611
0.900695
0.89669
0.895009
0.876592
0.871791
0.352287
0.906421
0.89534
0.777608
0.099125
0.219179
0.139476
0.624101
0.90637
0.0985719
0.901841
0.901103
0.109937
0.432502
0.102049
0.906299
0.222596
0.888232
0.0972652
0.896738
0.146103
0.30707
0.127814
0.256404
0.902338
0.0956667
0.858501
0.906412
0.0964554
0.890197
0.263966
0.891668
0.124626
0.906433
0.899222
0.152254
0.904871
0.0956675
0.100036
0.0979614
0.508131
0.342744
0.101479
0.0976972
0.128012
0.0957569
0.127798
0.9004
0.885906
0.106594
0.903319
0.33138
0.906434
0.0995315
0.0956771
0.89396
0.905577
0.906413
0.803925
0.459107
0.906341
0.906385
0.88971
0.121914
0.236048
0.109896
0.905734
0.141555
0.101371
0.219565
0.898991
0.903942
0.877577
0.140721
0.906063
0.825056
0.10474
0.0956667
0.778948
0.880413
0.413638
0.165744
0.848149
0.450356
0.117364
0.829986
0.0956671
0.0958159
0.0956716
0.906435
0.133414
0.906436
0.0958442
0.710007
0.0956669
0.0974845
0.763262
0.719999
0.226139
0.579569
0.103264
0.863315
0.894058
0.633918
0.851648
0.0957136
0.103205
0.898396
0.0995475
0.905924
0.755028
0.589062
0.1241
0.889282
0.663758
0.905304
0.811629
0.880624
0.906086
0.0966922
0.819601
0.890054
0.404152
0.0956667
0.185381
0.906334
0.125031
0.106714
0.158262
0.116525
0.90337
0.856182
0.894373
0.11885
0.624146
0.793394
0.905575
0.424834
0.108437
0.905904
0.131364
0.110334
0.787771
0.487718
0.180057
0.900623
0.906242
0.0994362
0.906436
0.903985
0.906435
0.873787
0.0957214
0.102042
0.488305
0.843122
0.889473
0.0976989
0.906261
0.172509
0.459593
0.0957793
0.104451
0.851554
0.103455
0.319018
0.0956763
0.327642
0.875871
0.209941
0.906435
0.0973503
0.887733
0.112323
0.777259
0.899288
0.881917
0.88119
0.102258
0.1279
0.11159
0.90421
0.901146
0.906114
0.120293
0.0976266
0.0956782
0.0956682
0.0956831
0.16838
0.898129
0.679463
0.0961713
0.905915
0.884392
0.901113
0.109753
0.693903
0.129216
0.110266
0.0965664
0.367422
0.904851
0.906416
0.512855
0.0960919
0.870888
0.102468
0.906222
0.905365
0.135246
0.906413
0.193673
0.0969152
0.906311
0.0971451
0.906105
0.0966634
0.630276
0.892994
0.0958513
0.730322
0.905316
0.906425
0.88414
0.906432
0.0965119
0.0957168
0.899062
0.106012
0.775823
0.829693
0.906234
0.0956667
0.747719
0.262611
0.905585
0.20516
0.893558
0.244628
0.849276
0.600664
0.095667
0.894989
0.808505
0.901521
0.869703
0.243448
0.0957118
0.888052
0.893493
0.0961439
0.25104
0.141329
0.095667
0.272903
0.116062
0.90638
0.904858
0.905728
0.109042
0.809475
0.151517
0.898679
0.906408
0.0959146
0.903374
0.0972323
0.90562
0.681437
0.0957641
0.101928
0.0956684
0.906326
0.897571
0.100097
0.142964
0.107936
0.0956679
0.658188
0.872207
0.833284
0.401788
0.0983444
0.903932
0.845443
0.095783
0.639267
0.906384
0.09824
0.591458
0.669916
0.225576
0.108326
0.906053
0.370798
0.739177
0.906201
0.0960483
0.103034
0.906169
0.902356
0.893725
0.0956667
0.90514
0.105634
0.218974
0.904757
0.58404
0.602086
0.743381
0.119318
0.0958249
0.852784
0.90642
0.788819
0.105278
0.906248
0.875177
0.0956679
0.145117
0.0957675
0.104349
0.899948
0.116857
0.904691
0.0956718
0.235511
0.905503
0.0961498
0.0956903
0.462175
0.186953
0.904278
0.906422
0.0956671
0.906258
0.0968589
0.105007
0.11205
0.906299
0.337868
0.642375
0.0967075
0.906326
0.0957384
0.308718
0.148092
0.269838
0.904866
0.0963024
0.900246
0.104723
0.0965416
0.720441
0.905598
0.0957275
0.904374
0.904085
0.90518
0.117296
0.0957892
0.118137
0.0958439
0.864068
0.784564
0.145599
0.0957362
0.136347
0.125831
0.771187
0.90559
0.127228
0.904939
0.63026
0.863105
0.906436
0.906201
0.0991115
0.10696
0.235245
0.0957264
0.284336
0.905575
0.905712
0.102191
0.67699
0.841339
0.0979132
0.100918
0.904546
0.0956667
0.906275
0.42189
0.0992331
0.563509
0.906348
0.90639
0.906426
0.906434
0.102743
0.0964076
0.904845
0.0958596
0.201576
0.870988
0.903123
0.324021
0.22484
0.898352
0.905584
0.658893
0.154538
0.904201
0.0960684
0.486167
0.16843
0.10097
0.0983589
0.100876
0.0963521
0.0957222
0.899866
0.127443
0.624385
0.894211
0.850076
0.882881
0.893895
0.0956667
0.111914
0.0960094
0.104755
0.901181
0.903263
0.58039
0.339681
0.894847
0.205068
0.103014
0.0956846
0.165858
0.77806
0.349612
0.0962496
0.0996679
0.0958977
0.095668
0.0956892
0.656722
0.885838
0.900119
0.609969
0.0966029
0.657176
0.0963309
0.906313
0.864901
0.494308
0.108251
0.175651
0.823232
0.0958544
0.906061
0.898311
0.266526
0.906387
0.906289
0.0956689
0.0956669
0.103248
0.118109
0.871281
0.0959151
0.903525
0.906364
0.273906
0.462504
0.095721
0.145005
0.904489
0.885186
0.0970411
0.906386
0.906416
0.134132
0.530213
0.881866
0.467212
0.906427
0.858788
0.905901
0.895174
0.906411
0.0957002
0.906347
0.116952
0.100024
0.106196
0.0960642
0.18776
0.119727
0.904123
0.196138
0.876892
0.906366
0.789348
0.282093
0.906435
0.0957051
0.102007
0.485433
0.0971184
0.893258
0.157676
0.0958992
0.27339
0.660736
0.434409
0.095667
0.135996
0.886428
0.471908
0.195395
0.439657
0.89966
0.0956667
0.905628
0.906434
0.289787
0.902684
0.158529
0.766935
0.0986956
0.399374
0.438061
0.877869
0.906403
0.0959508
0.827552
0.0956807
0.105477
0.891521
0.90184
0.0960527
0.906417
0.0957194
0.0976523
0.549037
0.870273
0.09567
0.488449
0.719201
0.903817
0.89936
0.904116
0.514431
0.903422
0.096004
0.888051
0.906428
0.899902
0.479546
0.900123
0.438874
0.899506
0.121227
0.905593
0.875071
0.906436
0.109261
0.0956676
0.0962575
0.905864
0.0956675
0.0957296
0.89904
0.538805
0.701536
0.906433
0.0958708
0.0956699
0.0956929
0.0967176
0.852733
0.0957073
0.172665
0.83186
0.109362
0.20408
0.887327
0.90583
0.695904
0.897623
0.0956667
0.904371
0.0956752
0.0956667
0.136648
0.901726
0.906422
0.882672
0.171852
0.112692
0.0959929
0.89969
0.0956667
0.904867
0.103126
0.485504
0.0956966
0.83859
0.0959021
0.784168
0.0956685
0.905548
0.0956692
0.906412
0.105149
0.812542
0.0973697
0.904208
0.906435
0.89871
0.906184
0.0957655
0.0957126
0.101787
0.638849
0.906306
0.0956667
0.0956809
0.104534
0.153995
0.841859
0.109406
0.0956744
0.906412
0.17239
0.886916
0.880296
0.779749
0.742096
0.790928
0.904411
0.100304
0.114802
0.906435
0.0962849
0.906353
0.273984
0.862575
0.182115
0.571012
0.0968297
0.904174
0.862198
0.0956673
0.0962673
0.785586
0.673817
0.0957492
0.098176
0.752673
0.905505
0.905873
0.902084
0.883317
0.820269
0.87843
0.35508
0.119312
0.280424
0.114432
0.667319
0.903616
0.906429
0.0957815
0.906432
0.828518
0.0957955
0.0956667
0.906357
0.0964503
0.101951
0.902984
0.615242
0.0997899
0.0956734
0.0956812
0.0978311
0.858833
0.0957233
0.906368
0.905759
0.152967
0.906342
0.095668
0.126495
0.901001
0.140217
0.096015
0.112247
0.906231
0.879635
0.663251
0.133481
0.0956667
0.0957987
0.0990385
0.380773
0.899115
0.21694
0.0965271
0.905369
0.906353
0.89624
0.147147
0.134596
0.839735
0.205153
0.904489
0.656644
0.0956686
0.0965801
0.586625
0.906433
0.197997
0.90581
0.165172
0.901076
0.0962394
0.0985232
0.095689
0.245688
0.0961711
0.904743
0.776916
0.664146
0.0960269
0.900109
0.891154
0.872421
0.906434
0.831968
0.776357
0.885319
0.100201
0.120242
0.103642
0.103336
0.498712
0.74327
0.364606
0.167645
0.300712
0.692045
0.0961524
0.906378
0.103388
0.894766
0.109624
0.0969668
0.0957429
0.129495
0.89637
0.0956698
0.0956913
0.440722
0.102051
0.903078
0.120871
0.904687
0.906175
0.0956671
0.122574
0.886575
0.873157
0.902485
0.904447
0.906051
0.0956668
0.0959235
0.904436
0.905332
0.0956832
0.0966319
0.0984997
0.13149
0.784493
0.0958012
0.785022
0.904055
0.694287
0.889172
0.902807
0.110816
0.0989896
0.905871
0.88106
0.249671
0.188759
0.881393
0.888222
0.901506
0.904805
0.905369
0.0981185
0.0982738
0.734157
0.889919
0.904972
0.0957459
0.781905
0.324599
0.834766
0.0961848
0.797019
0.906414
0.868606
0.0961039
0.906431
0.842552
0.101173
0.0957009
0.865638
0.906377
0.902562
0.690851
0.383752
0.906189
0.106294
0.0956669
0.83844
0.104752
0.236364
0.878727
0.824013
0.0956768
0.298893
0.09567
0.876882
0.895871
0.136225
0.095743
0.906436
0.213747
0.90213
0.903382
0.100419
0.385911
0.106803
0.118568
0.0956931
0.766143
0.0964278
0.838071
0.0999584
0.0965593
0.182005
0.0956871
0.0987613
0.868615
0.899245
0.137452
0.830563
0.336676
0.0959874
0.900372
0.129185
0.889892
0.116451
0.125802
0.340435
0.0956863
0.462271
0.0964515
0.904966
0.10154
0.101876
0.901311
0.806099
0.0968505
0.905408
0.365132
0.278009
0.451245
0.103607
0.0976718
0.0961729
0.810249
0.200446
0.106678
0.889829
0.751121
0.898223
0.902651
0.0959887
0.899146
0.0960291
0.0956667
0.906436
0.862851
0.0956946
0.906435
0.904086
0.0956714
0.901592
0.905601
0.11134
0.906259
0.0959569
0.905564
0.252547
0.101151
0.110547
0.0956667
0.105654
0.0957522
0.0976205
0.8652
0.463688
0.13883
0.906429
0.896547
0.0957689
0.887959
0.0962685
0.873894
0.0956681
0.645515
0.127958
0.818217
0.0986206
0.686739
0.894768
0.0957378
0.899432
0.8533
0.87885
0.10591
0.624299
0.117767
0.818479
0.113986
0.217488
0.890906
0.833944
0.873421
0.658599
0.0979814
0.0956915
0.898559
0.0999157
0.0960798
0.362824
0.156292
0.0957346
0.106919
0.837589
0.282556
0.0976362
0.105974
0.880272
0.859809
0.254523
0.869451
0.906435
0.42958
0.906436
0.0957758
0.905889
0.906434
0.123375
0.0956866
0.0956672
0.249416
0.901799
0.096778
0.906113
0.902468
0.352168
0.100875
0.0987986
0.0959163
0.424378
0.195665
0.904948
0.905869
0.749925
0.105273
0.0969277
0.0957293
0.868867
0.320456
0.906428
0.0966594
0.894039
0.85921
0.342532
0.905323
0.903208
0.744564
0.906435
0.904903
0.90594
0.118877
0.287412
0.128831
0.0958272
0.0956863
0.0976641
0.905731
0.102319
0.657016
0.0999624
0.906436
0.698762
0.138909
0.383255
0.899803
0.0961035
0.891023
0.895297
0.0956671
0.150515
0.819929
0.572855
0.755243
0.0960844
0.0957051
0.102605
0.421332
0.888118
0.794218
0.0962447
0.0960832
0.603662
0.903267
0.096237
0.0997997
0.09567
0.899774
0.0956667
0.101411
0.906435
0.0984675
0.110115
0.902834
0.0958316
0.885565
0.0956769
0.0959388
0.721305
0.901987
0.906097
0.891576
0.096725
0.9064
0.0970952
0.904245
0.215486
0.0958012
0.523679
0.096465
0.888025
0.770887
0.906368
0.888728
0.844954
0.90641
0.0976831
0.902187
0.902506
0.10489
0.755094
0.143233
0.906416
0.095667
0.906431
0.0958159
0.891478
0.818796
0.859248
0.777261
0.133595
0.0956669
0.905199
0.0956952
0.889368
0.0956667
0.870647
0.0972222
0.0957548
0.0959033
0.906367
0.0964474
0.363241
0.866067
0.187799
0.897134
0.371905
0.896646
0.0956904
0.748251
0.438632
0.905078
0.905006
0.129484
0.0957728
0.0983769
0.904205
0.1861
0.906436
0.620005
0.905272
0.816658
0.906399
0.0956685
0.259276
0.875909
0.199856
0.101806
0.897387
0.906425
0.109288
0.603686
0.762724
0.468488
0.280056
0.894797
0.897551
0.838016
0.394026
0.139273
0.69384
0.101074
0.097593
0.906434
0.892135
0.893674
0.898746
0.112739
0.101344
0.0985107
0.904426
0.113771
0.885042
0.276441
0.906429
0.885823
0.905602
0.10372
0.906029
0.902611
0.373152
0.906012
0.903325
0.903191
0.904256
0.903057
0.0970725
0.168594
0.738735
0.906434
0.90379
0.415702
0.906121
0.315776
0.232629
0.100044
0.905913
0.266947
0.799656
0.140072
0.0957777
0.884391
0.111103
0.0973331
0.623279
0.119321
0.9029
0.334734
0.547581
0.906371
0.161427
0.124003
0.095708
0.90293
0.84676
0.100836
0.903158
0.19888
0.767408
0.906399
0.822561
0.0959677
0.906198
0.636597
0.0956712
0.765652
0.0983943
0.478253
0.0982535
0.905875
0.13402
0.875145
0.861826
0.095725
0.0960855
0.0956667
0.100216
0.895359
0.904822
0.184567
0.849353
0.103057
0.119274
0.209504
0.0962806
0.901746
0.802912
0.096898
0.866782
0.905384
0.570779
0.811403
0.0956667
0.906298
0.210872
0.131871
0.897178
0.0956667
0.24725
0.0997496
0.906096
0.904683
0.906429
0.78343
0.20456
0.876359
0.877106
0.114861
0.716797
0.905886
0.832276
0.903716
0.591475
0.900345
0.809459
0.0960138
0.737312
0.906204
0.898139
0.0957926
0.904584
0.0997333
0.292527
0.333498
0.906351
0.7811
0.905136
0.903442
0.136854
0.906322
0.906429
0.889196
0.126284
0.906236
0.108957
0.0959608
0.100218
0.0960126
0.905325
0.70208
0.0991391
0.526089
0.86301
0.90608
0.796652
0.144944
0.860279
0.0983864
0.59489
0.27931
0.884631
0.906273
0.357213
0.90643
0.195415
0.798879
0.0957077
0.0964184
0.326102
0.903301
0.904402
0.901602
0.231843
0.906434
0.905308
0.0956826
0.895007
0.153833
0.0956949
0.110343
0.27689
0.90277
0.095831
0.188008
0.602158
0.8886
0.887547
0.905342
0.0971754
0.098582
0.903601
0.906435
0.0960981
0.727101
0.0956667
0.10769
0.852467
0.0990585
0.883821
0.0956854
0.903102
0.906422
0.852886
0.891386
0.348371
0.0958828
0.899272
0.0956738
0.902539
0.207342
0.688248
0.897174
0.0956667
0.906384
0.881786
0.154147
0.105436
0.0956841
0.905305
0.88635
0.783959
0.904431
0.904922
0.903429
0.840947
0.0956671
0.841762
0.111661
0.906435
0.326165
0.905727
0.0957544
0.894435
0.0958435
0.893535
0.0959411
0.902357
0.229053
0.905032
0.859211
0.100725
0.885272
0.0956667
0.147375
0.177063
0.161299
0.905226
0.906205
0.752823
0.902615
0.640268
0.741948
0.169596
0.0956698
0.591819
0.906433
0.896435
0.906436
0.0964878
0.901925
0.90639
0.662006
0.381157
0.906379
0.133531
0.0956719
0.906376
0.867791
0.104904
0.0994985
0.539916
0.889153
0.118911
0.17081
0.894111
0.906097
0.0956671
0.0958468
0.90432
0.903147
0.886173
0.0959876
0.0956668
0.625938
0.0965009
0.906436
0.099934
0.906144
0.836606
0.115367
0.878359
0.102171
0.0956668
0.883265
0.906011
0.906299
0.0965158
0.103936
0.906128
0.101818
0.846833
0.710562
0.238256
0.900277
0.0956735
0.238745
0.0956748
0.851937
0.794844
0.906358
0.100877
0.786013
0.906399
0.122857
0.0956667
0.236001
0.477151
0.0972116
0.637049
0.206825
0.876132
0.340625
0.884589
0.0957473
0.906375
0.148287
0.542716
0.101864
0.869009
0.906426
0.894099
0.850986
0.0957292
0.902625
0.0956834
0.896502
0.0956745
0.906435
0.0968268
0.899469
0.875141
0.906367
0.90365
0.0987656
0.906293
0.0963684
0.898607
0.318037
0.0956667
0.906435
0.58992
0.899933
0.0977506
0.692995
0.905384
0.893433
0.906412
0.905172
0.332952
0.256016
0.906374
0.101686
0.766474
0.114337
0.139498
0.122943
0.0956667
0.417931
0.168219
0.711844
0.905409
0.906356
0.817718
0.105712
0.604897
0.70557
0.0960281
0.271285
0.90031
0.899614
0.896091
0.0956667
0.347712
0.48097
0.0957551
0.905351
0.906436
0.096508
0.0956667
0.899994
0.807997
0.905476
0.905998
0.0974923
0.881799
0.893303
0.905993
0.897579
0.902868
0.832701
0.893676
0.0957269
0.836287
0.906435
0.698152
0.295857
0.906376
0.0957602
0.202682
0.906391
0.906115
0.888205
0.859781
0.905191
0.0979933
0.904539
0.897701
0.10204
0.0959402
0.640692
0.100701
0.0962384
0.0967728
0.0980419
0.906435
0.123311
0.239298
0.101085
0.173144
0.0957144
0.90629
0.0957393
0.142176
0.903997
0.174085
0.881173
0.0962538
0.89954
0.906436
0.906334
0.906431
0.906266
0.107896
0.0960666
0.901674
0.905094
0.897443
0.688548
0.0961085
0.906373
0.0992117
0.90633
0.837686
0.85003
0.500643
0.900664
0.0956667
0.106855
0.095763
0.570196
0.0981942
0.0976454
0.0957901
0.0956667
0.112078
0.0956794
0.906262
0.906374
0.825157
0.832356
0.905998
0.905171
0.133068
0.253474
0.904362
0.0959824
0.0956718
0.849423
0.906368
0.0956672
0.170394
0.0956668
0.906333
0.9053
0.123709
0.906135
0.0965514
0.242172
0.883357
0.214762
0.108121
0.904671
0.108954
0.0961321
0.877939
0.892084
0.221193
0.856459
0.895076
0.898246
0.0956727
0.176209
0.903239
0.90552
0.831501
0.881902
0.905057
0.302211
0.0960545
0.251961
0.095688
0.852393
0.0957555
0.095667
0.888915
0.906435
0.702969
0.518677
0.177024
0.906367
0.179436
0.13174
0.814078
0.627104
0.904595
0.886247
0.280875
0.0956989
0.0956929
0.90643
0.0971596
0.891056
0.0956794
0.099676
0.885108
0.0964164
0.100337
0.903527
0.095763
0.0956686
0.0965492
0.906431
0.107542
0.868122
0.0956667
0.102257
0.627972
0.0962852
0.906049
0.535255
0.898381
0.104281
0.11416
0.111208
0.906405
0.906436
0.898647
0.906431
0.122536
0.906178
0.135394
0.773757
0.224376
0.531295
0.0982627
0.108
0.906384
0.906166
0.905609
0.124465
0.810909
0.821509
0.902995
0.0956667
0.842749
0.105577
0.104433
0.096956
0.0962104
0.900276
0.824068
0.0956673
0.315686
0.906383
0.0978929
0.906435
0.108352
0.895544
0.49315
0.0974024
0.0969028
0.0961205
0.904413
0.112074
0.0957934
0.906435
0.0957736
0.401715
0.818419
0.906327
0.853365
0.686579
0.77835
0.147065
0.87955
0.202309
0.0965147
0.400078
0.119326
0.131671
0.906351
0.109351
0.906433
0.850236
0.11273
0.906381
0.906313
0.465725
0.9057
0.098334
0.210611
0.327337
0.132377
0.84961
0.794994
0.906399
0.836547
0.367948
0.902537
0.434139
0.581668
0.102336
0.0959811
0.0956731
0.878046
0.903774
0.0956667
0.902205
0.104327
0.906434
0.223154
0.879008
0.0956706
0.886892
0.0956678
0.0956667
0.203946
0.225737
0.0962131
0.20828
0.882109
0.0961442
0.90643
0.0957911
0.108721
0.906341
0.167685
0.888838
0.0986361
0.101366
0.906436
0.906232
0.0956668
0.0962249
0.896451
0.905436
0.717165
0.0959714
0.904765
0.879203
0.129514
0.830175
0.89729
0.0956727
0.824958
0.110173
0.899874
0.0959574
0.906185
0.668365
0.561718
0.88065
0.858101
0.09567
0.8757
0.126492
0.902081
0.887586
0.0967367
0.904212
0.0958606
0.665381
0.703474
0.0964942
0.0956667
0.139992
0.906387
0.095668
0.138462
0.906346
0.770755
0.459927
0.783584
0.0956961
0.906401
0.0956852
0.906412
0.0957171
0.891462
0.0956953
0.097821
0.906404
0.904484
0.906432
0.389133
0.904282
0.1408
0.712315
0.880268
0.0958844
0.122795
0.896243
0.0956874
0.90628
0.428329
0.906434
0.896029
0.144319
0.895587
0.906352
0.221276
0.88382
0.685942
0.906299
0.905463
0.0956708
0.901527
0.0958098
0.882858
0.0961732
0.0959453
0.772433
0.906153
0.85849
0.895987
0.096868
0.906436
0.843401
0.0956677
0.579642
0.104429
0.905942
0.123186
0.104159
0.0956667
0.0983627
0.101926
0.243441
0.0956884
0.861873
0.899435
0.906435
0.0956678
0.143892
0.892215
0.129616
0.123541
0.127576
0.430854
0.0981925
0.252831
0.906167
0.905788
0.105481
0.195549
0.903785
0.897908
0.108875
0.693682
0.903432
0.180704
0.803135
0.68324
0.251535
0.238222
0.55419
0.905911
0.906394
0.906436
0.095772
0.906403
0.899967
0.0956772
0.906432
0.0956701
0.905104
0.0967843
0.899523
0.46035
0.245893
0.901224
0.906426
0.471222
0.114672
0.107377
0.880978
0.624103
0.0956668
0.906074
0.0959356
0.699425
0.890715
0.113984
0.134226
0.231022
0.120327
0.0964606
0.103239
0.0956851
0.11173
0.397976
0.099207
0.906435
0.0956718
0.100517
0.113041
0.857209
0.10296
0.826919
0.906417
0.114493
0.904732
0.886919
0.905869
0.095712
0.116594
0.901946
0.879947
0.906375
0.22703
0.906426
0.110254
0.815772
0.205023
0.116706
0.895283
0.903496
0.90335
0.906436
0.905427
0.903094
0.605152
0.107008
0.906436
0.0971298
0.906282
0.906347
0.906221
0.679594
0.718365
0.905139
0.905468
0.132942
0.904951
0.10235
0.0958076
0.906066
0.133936
0.573536
0.761744
0.906436
0.906426
0.905993
0.0956668
0.121776
0.0978593
0.0956667
0.839425
0.0956685
0.906433
0.899512
0.0956675
0.0956668
0.820769
0.906428
0.90584
0.781989
0.650043
0.104789
0.843915
0.0956683
0.095689
0.866447
0.590136
0.124418
0.885055
0.0956667
0.485402
0.0956686
0.879568
0.137447
0.858456
0.231844
0.165
0.104486
0.896474
0.892562
0.36782
0.906277
0.906435
0.727869
0.868451
0.872436
0.438351
0.105132
0.255701
0.0976576
0.736408
0.096647
0.400011
0.315522
0.661126
0.0956676
0.0956672
0.105081
0.0956706
0.905904
0.905198
0.0956667
0.897035
0.102976
0.906318
0.899019
0.0956667
0.906153
0.0956697
0.0975697
0.105682
0.204064
0.770995
0.0956686
0.88886
0.878005
0.90591
0.90393
0.906176
0.151459
0.567259
0.906436
0.0956741
0.867499
0.895748
0.107008
0.0978062
0.0956673
0.904168
0.848341
0.900087
0.906427
0.0963555
0.381545
0.90642
0.0956667
0.87564
0.855085
0.893605
0.90626
0.507684
0.102924
0.274875
0.128894
0.904957
0.906435
0.0956667
0.810752
0.890886
0.906316
0.905882
0.855673
0.162683
0.095687
0.786623
0.825907
0.165112
0.0956667
0.827069
0.82693
0.25492
0.142335
0.906093
0.906411
0.863582
0.906434
0.0968011
0.0957784
0.107064
0.902555
0.0956667
0.897487
0.0977959
0.906353
0.829524
0.202838
0.881697
0.222122
0.09567
0.903576
0.901305
0.0956667
0.905968
0.0962552
0.899869
0.378021
0.899536
0.872602
0.254577
0.0963933
0.906391
0.905977
0.893872
0.824676
0.906428
0.9024
0.828137
0.0956774
0.110113
0.118719
0.895483
0.705193
0.852247
0.906435
0.100612
0.403211
0.0956667
0.855414
0.895187
0.096488
0.906285
0.12947
0.906305
0.519797
0.0956668
0.895275
0.881611
0.889991
0.0956926
0.0975105
0.905531
0.107916
0.88129
0.700407
0.600568
0.90157
0.316848
0.105827
0.0964627
0.11097
0.411058
0.145833
0.0956806
0.886074
0.329542
0.103433
0.095696
0.710686
0.906191
0.855747
0.906357
0.621887
0.106498
0.0956978
0.897152
0.10482
0.905508
0.0956678
0.355509
0.0957089
0.801175
0.096136
0.906409
0.427605
0.899699
0.0979931
0.0957812
0.868104
0.114026
0.0956667
0.905165
0.824332
0.0976559
0.173508
0.900638
0.843405
0.42124
0.903267
0.184441
0.905964
0.821951
0.190265
0.885343
0.0958497
0.0956795
0.886277
0.904739
0.0957193
0.0962094
0.504697
0.906429
0.904684
0.906428
0.115598
0.650794
0.0969269
0.0956822
0.819124
0.0956667
0.187515
0.892074
0.234475
0.0956668
0.906424
0.0956703
0.626042
0.902742
0.853465
0.843862
0.145675
0.894585
0.0956679
0.111445
0.0956678
0.894155
0.904201
0.728617
0.142836
0.0965905
0.438489
0.148017
0.883934
0.662208
0.896582
0.675474
0.317245
0.0956908
0.905551
0.906435
0.145827
0.0967238
0.118217
0.905878
0.906407
0.095751
0.720789
0.824238
0.902156
0.90609
0.697349
0.0956672
0.75065
0.881881
0.841351
0.898184
0.872453
0.104271
0.630139
0.105597
0.891339
0.893863
0.107495
0.459107
0.906392
0.906235
0.781161
0.0999852
0.201113
0.0956732
0.541115
0.906389
0.904323
0.301131
0.880082
0.361295
0.872108
0.10613
0.906436
0.117703
0.902605
0.867361
0.0977282
0.794939
0.772389
0.191482
0.536732
0.278153
0.0956668
0.824017
0.0956774
0.0956686
0.4262
0.0957084
0.157927
0.0956667
0.374658
0.77719
0.591472
0.0956667
0.0966055
0.150946
0.898263
0.304289
0.897006
0.0976644
0.0956794
0.546095
0.158557
0.103647
0.70665
0.905544
0.905942
0.900021
0.753108
0.762325
0.837248
0.90527
0.837572
0.906369
0.906426
0.906342
0.133972
0.576658
0.10991
0.127238
0.903805
0.137649
0.904677
0.896787
0.904638
0.904157
0.550482
0.39013
0.352672
0.906418
0.900377
0.163711
0.894555
0.0958336
0.87114
0.0974505
0.906407
0.886084
0.905039
0.104976
0.0977081
0.797524
0.0957247
0.326659
0.874432
0.696808
0.900509
0.0958643
0.906436
0.905486
0.817473
0.26026
0.904166
0.0962531
0.880966
0.351146
0.876737
0.107594
0.89917
0.898332
0.815
0.0963247
0.905832
0.0956687
0.877872
0.0956812
0.90493
0.116209
0.889924
0.113346
0.298343
0.896475
0.798873
0.796737
0.89931
0.906434
0.895373
0.0960665
0.903131
0.901289
0.901877
0.213566
0.906375
0.142952
0.0982231
0.905009
0.840982
0.903543
0.905232
0.190165
0.901879
0.0979506
0.0956984
0.0993693
0.0956667
0.866199
0.90421
0.361483
0.0957017
0.643479
0.906376
0.905658
0.100031
0.195959
0.0959982
0.886065
0.673169
0.0956711
0.0956685
0.902369
0.0957336
0.887479
0.17709
0.147268
0.349695
0.105211
0.111953
0.906436
0.836294
0.903335
0.906285
0.901968
0.906383
0.0974223
0.881673
0.0960491
0.903864
0.114359
0.096073
0.0957876
0.099326
0.0960911
0.192731
0.0956702
0.105076
0.580668
0.10468
0.614748
0.0956879
0.171464
0.892092
0.906435
0.906435
0.889075
0.419965
0.0958449
0.865561
0.904783
0.906382
0.102161
0.906419
0.906415
0.690572
0.493055
0.906353
0.0956754
0.906358
0.611712
0.108581
0.096195
0.0956762
0.906402
0.816006
0.0966194
0.100179
0.191308
0.906431
0.905176
0.905315
0.0959628
0.906436
0.0969
0.840026
0.417178
0.14219
0.893291
0.903565
0.0957339
0.905291
0.0959357
0.905684
0.877792
0.097871
0.899199
0.321075
0.0957406
0.0961491
0.883886
0.906059
0.0956677
0.871978
0.857097
0.906415
0.691073
0.135062
0.871309
0.900002
0.898439
0.131808
0.871188
0.504737
0.905602
0.108257
0.0957145
0.193416
0.87367
0.0964237
0.900197
0.356903
0.901772
0.42245
0.854306
0.102218
0.0958057
0.23364
0.108997
0.0957052
0.767376
0.905167
0.899835
0.528583
0.0971327
0.0956669
0.590743
0.902594
0.359771
0.147888
0.100719
0.901673
0.0964611
0.321151
0.0962786
0.0967789
0.0976032
0.127475
0.813407
0.499252
0.906435
0.146311
0.101095
0.896243
0.0956684
0.09569
0.0956667
0.906194
0.906154
0.906379
0.900863
0.906435
0.0956673
0.906425
0.0958924
0.576089
0.0956762
0.130876
0.906115
0.105975
0.0957124
0.869483
0.906334
0.287349
0.114239
0.906435
0.474161
0.897868
0.906397
0.686068
0.343096
0.0956751
0.778
0.906246
0.0987198
0.597845
0.109135
0.893585
0.747612
0.847778
0.853904
0.166975
0.109776
0.291098
0.132125
0.884027
0.906386
0.234851
0.0956822
0.0957022
0.0958361
0.362922
0.826245
0.136006
0.803474
0.906341
0.0995453
0.841996
0.903647
0.095672
0.0972059
0.0962201
0.0956667
0.906397
0.906329
0.897234
0.903025
0.195831
0.89658
0.330135
0.729998
0.872868
0.689695
0.15665
0.906433
0.879743
0.906158
0.0966143
0.804741
0.762615
0.0956667
0.0956678
0.0987164
0.100441
0.874589
0.347459
0.157399
0.881822
0.300954
0.905958
0.0958019
0.906433
0.0958195
0.905099
0.903577
0.187169
0.773196
0.0970785
0.113797
0.172163
0.0956667
0.0956688
0.0999584
0.0968838
0.904884
0.664298
0.905514
0.0956689
0.0956741
0.0996314
0.830679
0.901467
0.27723
0.899529
0.905627
0.096949
0.09625
0.885554
0.0956741
0.0963601
0.106509
0.858438
0.773199
0.0957082
0.562168
0.903533
0.905034
0.35574
0.65083
0.117888
0.904025
0.0987983
0.095936
0.0964447
0.0961741
0.115468
0.0964044
0.893761
0.90164
0.102779
0.904387
0.0956885
0.581896
0.130358
0.0956667
0.906433
0.0956667
0.102531
0.0958756
0.098446
0.38635
0.0972834
0.853826
0.890797
0.0957026
0.906405
0.123529
0.0956667
0.906435
0.0986848
0.518301
0.109971
0.139725
0.0957473
0.860614
0.904527
0.901199
0.875515
0.0960826
0.105075
0.884828
0.10409
0.905906
0.0961025
0.268386
0.694094
0.906433
0.100158
0.566
0.321693
0.157501
0.141379
0.882101
0.0959707
0.169228
0.903669
0.0958431
0.694438
0.810079
0.897855
0.0956811
0.865657
0.0956667
0.905623
0.906174
0.904757
0.0956714
0.906427
0.905503
0.896504
0.09587
0.901759
0.849423
0.906136
0.906434
0.906424
0.211251
0.901105
0.655971
0.190053
0.622636
0.101654
0.0957356
0.889125
0.905449
0.299649
0.871372
0.891211
0.0979952
0.103604
0.885664
0.261144
0.0963495
0.0956785
0.24796
0.797869
0.799297
0.905745
0.252221
0.905923
0.133362
0.906409
0.098286
0.127318
0.906406
0.589946
0.906432
0.906323
0.829698
0.361409
0.0956667
0.285766
0.906374
0.90621
0.861622
0.904675
0.904913
0.218697
0.902851
0.239488
0.0961038
0.906412
0.0968664
0.836209
0.131553
0.906401
0.0957567
0.109461
0.530455
0.115537
0.192055
0.906387
0.643938
0.102161
0.901434
0.677055
0.0968466
0.904591
0.906398
0.434585
0.906435
0.0956667
0.10097
0.592049
0.0968037
0.717262
0.904896
0.906358
0.152712
0.103129
0.862634
0.557952
0.441708
0.90576
0.625354
0.0956667
0.906214
0.100784
0.901407
0.905708
0.763663
0.355374
0.333331
0.417815
0.904809
0.119633
0.906408
0.13713
0.906435
0.905726
0.904766
0.906423
0.899595
0.124547
0.853168
0.095671
0.0956726
0.813078
0.0956667
0.104072
0.115152
0.382331
0.0956754
0.873647
0.095667
0.905831
0.0961343
0.625476
0.157862
0.0967256
0.0956667
0.874456
0.42786
0.0956667
0.0970249
0.098744
0.123741
0.095717
0.722646
0.902195
0.906435
0.542191
0.904362
0.884389
0.0961079
0.768581
0.770818
0.0956881
0.0959739
0.0956667
0.0983301
0.905709
0.114128
0.464661
0.906426
0.905908
0.905618
0.803847
0.207544
0.841431
0.09583
0.0966295
0.121428
0.906422
0.906434
0.0958633
0.89499
0.52025
0.113785
0.0956769
0.0958064
0.884228
0.095676
0.865103
0.518101
0.0956686
0.906369
0.906417
0.862325
0.097542
0.878208
0.0957883
0.906395
0.760491
0.112929
0.0956689
0.0957447
0.881622
0.0961705
0.906422
0.119736
0.906355
0.906371
0.710778
0.0967123
0.137152
0.0956744
0.337074
0.906291
0.0981124
0.872534
0.0956769
0.889169
0.259315
0.0956723
0.111923
0.904818
0.0961843
0.90172
0.0958053
0.095843
0.0965382
0.0956667
0.522657
0.905572
0.887899
0.57529
0.83681
0.23232
0.853077
0.0969796
0.846301
0.906435
0.140118
0.103043
0.0956712
0.905699
0.874373
0.847031
0.892778
0.0959563
0.752016
0.849117
0.614519
0.899357
0.562575
0.0961595
0.906388
0.900709
0.90264
0.169715
0.0958098
0.0957009
0.906391
0.7784
0.364506
0.906163
0.134253
0.0957093
0.765763
0.111179
0.906412
0.906162
0.106517
0.343525
0.757381
0.895245
0.784991
0.10418
0.0956668
0.0991824
0.629197
0.904679
0.872832
0.107028
0.0966466
0.751302
0.619008
0.125274
0.895417
0.120289
0.0959222
0.888466
0.127219
0.14784
0.111705
0.861027
0.895008
0.906432
0.906434
0.894388
0.905857
0.30759
0.901304
0.0973737
0.798905
0.874377
0.107936
0.906434
0.906225
0.879316
0.906435
0.906348
0.0956991
0.877301
0.561931
0.906328
0.90632
0.90631
0.90611
0.316646
0.810706
0.86889
0.903579
0.846166
0.117125
0.106836
0.877756
0.0963185
0.906407
0.906065
0.0961385
0.172458
0.23934
0.126944
0.0956765
0.868538
0.63384
0.87462
0.833765
0.459617
0.906384
0.906427
0.288573
0.104199
0.906436
0.906303
0.872349
0.0974213
0.237591
0.256501
0.230495
0.583453
0.903531
0.585507
0.904173
0.0956756
0.232346
0.700394
0.109185
0.0956704
0.103276
0.906374
0.906414
0.898596
0.906379
0.0969314
0.0968232
0.0966504
0.576351
0.0961002
0.12288
0.877484
0.0961686
0.906426
0.893078
0.299225
0.460812
0.307369
0.896881
0.215233
0.901475
0.126953
0.905728
0.906036
0.813055
0.0988017
0.862755
0.906435
0.0956669
0.119197
0.196866
0.0981433
0.100236
0.115985
0.0961222
0.906359
0.0965001
0.133002
0.138068
0.906383
0.0959795
0.865644
0.0958277
0.458779
0.893821
0.86055
0.113154
0.0957222
0.584283
0.0994857
0.906379
0.905933
0.90633
0.761105
0.89273
0.0956867
0.906211
0.633993
0.121678
0.888941
0.645542
0.687369
0.0969975
0.906427
0.866839
0.179555
0.898639
0.900481
0.584633
0.0958049
0.887601
0.901922
0.893126
0.127204
0.0979144
0.20932
0.103658
0.90514
0.901743
0.11725
0.75528
0.154546
0.906426
0.899164
0.288248
0.16581
0.293148
0.888941
0.877905
0.153522
0.879839
0.0988557
0.287296
0.0957378
0.0958825
0.0956986
0.0956673
0.906434
0.320919
0.892358
0.90326
0.766303
0.0956667
0.0956849
0.880783
0.22933
0.0957483
0.896086
0.906324
0.90643
0.0976043
0.131421
0.240263
0.677961
0.906433
0.885398
0.0956994
0.120732
0.0956667
0.896223
0.19781
0.0964435
0.0957441
0.90643
0.902082
0.103903
0.904297
0.0956667
0.102412
0.187547
0.454422
0.473251
0.868137
0.589217
0.905529
0.095946
0.879873
0.905027
0.904516
0.113407
0.884721
0.0957769
0.906436
0.0956761
0.891374
0.893296
0.868773
0.0956672
0.0963951
0.178047
0.905512
0.880954
0.871509
0.810601
0.898551
0.895743
0.892426
0.891656
0.0956683
0.0963917
0.828353
0.906131
0.900535
0.894784
0.905336
0.838341
0.0956667
0.867831
0.0956667
0.238287
0.114623
0.906435
0.901085
0.83492
0.85283
0.0987856
0.0956761
0.904526
0.0958007
0.891242
0.903777
0.684385
0.868321
0.903422
0.0981309
0.906435
0.098453
0.0977568
0.254779
0.273804
0.840852
0.518214
0.0956671
0.117648
0.11555
0.167715
0.097996
0.10885
0.906431
0.896282
0.0998946
0.878001
0.138599
0.904763
0.906436
0.902862
0.0958135
0.825428
0.105207
0.906435
0.737505
0.177855
0.767561
0.0974432
0.619344
0.097548
0.0965036
0.904088
0.0999826
0.905821
0.09576
0.711085
0.0964813
0.0956669
0.115769
0.0957235
0.0957274
0.84739
0.90622
0.335955
0.268495
0.899709
0.891084
0.905918
0.659201
0.100686
0.378423
0.0959115
0.90604
0.0956987
0.770661
0.0959396
0.0965183
0.906436
0.0957351
0.095668
0.214225
0.108453
0.903082
0.530251
0.107801
0.0957908
0.0956787
0.171593
0.906325
0.850741
0.888428
0.905976
0.0956678
0.110369
0.559384
0.0960866
0.156605
0.095667
0.281356
0.873404
0.897844
0.137385
0.0959196
0.848178
0.776278
0.906359
0.905924
0.897102
0.155748
0.850131
0.905926
0.0956667
0.837176
0.90423
0.345271
0.0958088
0.893892
0.103377
0.105409
0.0961546
0.0975136
0.838282
0.90367
0.630132
0.906415
0.90276
0.90634
0.0964228
0.0992931
0.90642
0.185359
0.814108
0.906433
0.696116
0.906391
0.703886
0.157113
0.0958753
0.179619
0.451863
0.906432
0.433056
0.101583
0.0958912
0.906396
0.655038
0.897833
0.122291
0.104614
0.0966179
0.0956773
0.0956667
0.905901
0.0956706
0.818437
0.737039
0.86707
0.0956828
0.821718
0.669012
0.584957
0.904943
0.395346
0.897933
0.103252
0.203727
0.906435
0.105144
0.0958838
0.90521
0.906429
0.906432
0.519415
0.358826
0.102603
0.906435
0.106733
0.0956682
0.0957271
0.735346
0.161484
0.897815
0.897599
0.883679
0.0962761
0.676321
0.0956712
0.204195
0.906432
0.0978632
0.602149
0.128243
0.90154
0.0959004
0.124247
0.0956877
0.902809
0.82416
0.74096
0.627938
0.0958148
0.0976288
0.906007
0.895986
0.869945
0.71351
0.128205
0.90231
0.827778
0.897129
0.906383
0.905066
0.0961842
0.0956677
0.376926
0.863196
0.902861
0.905735
0.0956916
0.099736
0.897789
0.906019
0.906259
0.905919
0.097851
0.866011
0.101476
0.364266
0.129716
0.098189
0.368969
0.360169
0.0964457
0.48955
0.0966802
0.904663
0.100638
0.851041
0.868191
0.902113
0.104687
0.108939
0.338971
0.906432
0.906421
0.789111
0.903909
0.905198
0.906427
0.117989
0.0956667
0.300612
0.86955
0.353276
0.888507
0.0956667
0.906434
0.892565
0.116066
0.894482
0.0956829
0.48202
0.296166
0.890652
0.188836
0.0960166
0.902605
0.095734
0.905498
0.777532
0.849046
0.399824
0.144833
0.89804
0.901468
0.629314
0.107584
0.793087
0.754692
0.904795
0.0956667
0.0957374
0.853944
0.0959495
0.105483
0.10761
0.875897
0.416877
0.0956991
0.895364
0.8197
0.888448
0.888965
0.904885
0.102569
0.0963325
0.906276
0.906342
0.100948
0.906254
0.0956676
0.131864
0.0957895
0.100921
0.244123
0.524821
0.901342
0.127853
0.90589
0.871618
0.871057
0.593485
0.906431
0.554731
0.0967862
0.905257
0.103018
0.0979015
0.906414
0.0998414
0.0963239
0.898729
0.323982
0.0956667
0.100981
0.905304
0.353843
0.102155
0.902251
0.0956667
0.906098
0.0968517
0.107312
0.519722
0.906281
0.0956684
0.0958931
0.296588
0.364885
0.0956745
0.0998534
0.114812
0.795379
0.375624
0.906425
0.615718
0.899082
0.41107
0.448183
0.139303
0.745274
0.905642
0.124332
0.906434
0.256122
0.902018
0.906403
0.904792
0.906399
0.902965
0.906332
0.896643
0.181548
0.137476
0.112459
0.123046
0.0961785
0.763389
0.0956968
0.906435
0.906436
0.12854
0.099782
0.905816
0.904703
0.095765
0.126213
0.857434
0.833209
0.0957963
0.814473
0.896604
0.896424
0.900474
0.905607
0.136415
0.362244
0.0987078
0.906432
0.402586
0.902974
0.383877
0.152912
0.105867
0.90491
0.804055
0.902405
0.295558
0.095856
0.0963185
0.902174
0.905174
0.873002
0.904442
0.0964679
0.0957244
0.0957057
0.887453
0.906364
0.534197
0.0956667
0.107576
0.0964047
0.175444
0.863663
0.108901
0.09571
0.905553
0.0956667
0.114798
0.154399
0.0960507
0.83513
0.870648
0.832552
0.906425
0.165332
0.895935
0.100502
0.738583
0.87283
0.508571
0.0975085
0.903975
0.0956667
0.132858
0.898748
0.130042
0.122016
0.317376
0.892349
0.906081
0.709983
0.71006
0.103095
0.891039
0.905903
0.0958905
0.906422
0.0957864
0.117191
0.906171
0.0958708
0.39559
0.904469
0.0958543
0.905355
0.0970574
0.788601
0.106097
0.8722
0.906243
0.777916
0.117826
0.899637
0.892329
0.0957435
0.0956726
0.110998
0.0956839
0.906045
0.160273
0.0956668
0.0962219
0.38042
0.09571
0.137379
0.0957454
0.905961
0.593595
0.898334
0.678592
0.0971002
0.513373
0.5788
0.883046
0.844029
0.906292
0.0970806
0.0968456
0.0956667
0.869434
0.0965501
0.574936
0.114565
0.905479
0.0959476
0.893275
0.784273
0.0957014
0.098418
0.900937
0.898631
0.0956672
0.096034
0.0956674
0.900535
0.585016
0.101334
0.90525
0.888008
0.452997
0.906149
0.368402
0.875737
0.0963156
0.0958101
0.0956734
0.111318
0.0957895
0.883777
0.0961743
0.0956667
0.891574
0.216848
0.904307
0.901688
0.0960138
0.326972
0.096869
0.255366
0.874686
0.0957954
0.703023
0.0957008
0.247589
0.0962506
0.626995
0.893241
0.870525
0.614225
0.876095
0.342652
0.661015
0.0956675
0.894943
0.90618
0.303095
0.0956672
0.793922
0.888005
0.84649
0.816329
0.884026
0.0958521
0.906308
0.893257
0.855219
0.182707
0.392485
0.782512
0.905427
0.108952
0.0973842
0.903233
0.0965837
0.828867
0.0963165
0.904473
0.370114
0.103707
0.905571
0.900585
0.654165
0.683925
0.376288
0.85987
0.850655
0.898107
0.802876
0.0958954
0.90634
0.0959138
0.906421
0.0963121
0.0956681
0.906407
0.0958106
0.399354
0.903642
0.878694
0.580156
0.103985
0.906351
0.608727
0.905169
0.0956732
0.906436
0.904456
0.849575
0.906434
0.903275
0.193127
0.79202
0.905537
0.168588
0.894631
0.450912
0.906409
0.106749
0.0956667
0.466723
0.904347
0.0961197
0.0957122
0.0958365
0.0956838
0.905302
0.119887
0.905555
0.0957327
0.0958714
0.584115
0.679307
0.902821
0.305659
0.752842
0.906436
0.906081
0.0956676
0.0981972
0.095667
0.538429
0.0992141
0.789368
0.352255
0.905888
0.0970645
0.901331
0.872668
0.906436
0.903005
0.0957291
0.906436
0.906144
0.906377
0.0994775
0.114251
0.906036
0.101322
0.90632
0.897353
0.905652
0.901266
0.627892
0.462282
0.101142
0.894806
0.448781
0.0958791
0.904549
0.0973591
0.906432
0.903221
0.90604
0.0959067
0.90103
0.814556
0.0964218
0.0962138
0.0956851
0.105893
0.905031
0.102101
0.906422
0.0961667
0.850337
0.220067
0.109068
0.791777
0.11568
0.328035
0.891101
0.906331
0.851121
0.0956906
0.11485
0.10392
0.88115
0.249304
0.0957951
0.11384
0.899971
0.900683
0.0958043
0.630597
0.905151
0.12575
0.0956913
0.405687
0.103447
0.904113
0.76765
0.310135
0.0956674
0.883349
0.897898
0.543342
0.5459
0.866974
0.885738
0.140462
0.906419
0.905445
0.0959292
0.905282
0.177532
0.540088
0.140744
0.306237
0.905427
0.0956667
0.0992654
0.717101
0.905706
0.904875
0.903212
0.0967751
0.782434
0.0956667
0.099195
0.0981023
0.836411
0.705695
0.899273
0.0956761
0.0976292
0.0999656
0.904759
0.659564
0.097297
0.906329
0.0988834
0.734284
0.894959
0.906329
0.0966979
0.709342
0.095667
0.0956824
0.906418
0.873887
0.906103
0.110626
0.900626
0.285167
0.905521
0.624474
0.906435
0.875285
0.143393
0.431151
0.0956835
0.906332
0.902962
0.790232
0.906436
0.878987
0.492102
0.90593
0.0956811
0.0961989
0.904438
0.906434
0.0957207
0.210486
0.87926
0.374677
0.0956672
0.906435
0.873266
0.902914
0.0972372
0.906346
0.888117
0.124308
0.0956771
0.878267
0.0956667
0.885677
0.892441
0.74442
0.135048
0.356616
0.471264
0.549033
0.108519
0.866587
0.905446
0.428735
0.117319
0.0993587
0.116579
0.0957446
0.901033
0.887916
0.905049
0.0965441
0.870129
0.781837
0.0964738
0.764896
0.120133
0.186459
0.268818
0.775919
0.399521
0.877331
0.254094
0.21355
0.137293
0.571902
0.906413
0.906087
0.870671
0.198819
0.874404
0.90576
0.0957952
0.816179
0.830776
0.902149
0.0956667
0.0956723
0.90587
0.905208
0.906392
0.266874
0.884116
0.236891
0.0959417
0.0956751
0.0959901
0.0956819
0.906385
0.843293
0.217567
0.761183
0.906435
0.106068
0.905908
0.637672
0.0956667
0.0963071
0.0960676
0.873288
0.226256
0.869424
0.17949
0.905781
0.893941
0.0957346
0.0962088
0.906427
0.901935
0.906258
0.873719
0.614802
0.0957016
0.897758
0.0992337
0.0968788
0.0962572
0.897711
0.785944
0.10145
0.904493
0.0959592
0.901822
0.0981282
0.266024
0.501872
0.898286
0.107366
0.376309
0.905582
0.895045
0.0967639
0.0956667
0.880925
0.095674
0.0979303
0.732857
0.121931
0.176174
0.0966167
0.905873
0.095668
0.884816
0.803587
0.0986469
0.691761
0.126421
0.905396
0.0956698
0.895796
0.905705
0.823429
0.824869
0.90635
0.159821
0.87526
0.904761
0.317068
0.906022
0.904455
0.118021
0.185889
0.113998
0.799284
0.22751
0.892239
0.829534
0.899747
0.8797
0.905021
0.102154
0.898798
0.768653
0.906352
0.0963612
0.0958432
0.0968163
0.87974
0.0956684
0.844728
0.792161
0.0957432
0.0968954
0.906432
0.0956696
0.185207
0.0995322
0.905817
0.101856
0.0957452
0.903984
0.90433
0.0956667
0.0991418
0.906432
0.884872
0.653651
0.101973
0.877984
0.175823
0.0957335
0.0957251
0.903022
0.12979
0.481537
0.0956681
0.0998308
0.901445
0.905777
0.887512
0.111264
0.905763
0.863874
0.906343
0.0968952
0.906436
0.893948
0.167808
0.901898
0.678546
0.0956748
0.807357
0.904593
0.353716
0.101254
0.538897
0.299584
0.0957192
0.332115
0.0973338
0.389752
0.0956675
0.0973775
0.0978771
0.0978724
0.889252
0.906409
0.903258
0.0957147
0.865338
0.175856
0.0956718
0.0957794
0.252175
0.284786
0.213822
0.905727
0.117794
0.90586
0.162282
0.819712
0.90176
0.100457
0.876021
0.901884
0.604262
0.489133
0.180632
0.906421
0.0964859
0.896669
0.538929
0.118524
0.604466
0.0956667
0.905987
0.906436
0.0987147
0.892298
0.0973568
0.367779
0.889199
0.100482
0.800736
0.0956668
0.898629
0.0956871
0.617243
0.809285
0.264258
0.147515
0.591536
0.323868
0.90607
0.901501
0.900338
0.108465
0.101946
0.0959661
0.810722
0.906349
0.903822
0.356581
0.17932
0.570268
0.0963668
0.898992
0.881443
0.873935
0.518652
0.674755
0.509623
0.866882
0.493247
0.0965797
0.118256
0.860852
0.879636
0.890742
0.0987915
0.899044
0.855781
0.0968124
0.555365
0.498546
0.905654
0.879476
0.799908
0.232579
0.905588
0.262506
0.0956681
0.099621
0.517109
0.457258
0.906324
0.114528
0.898927
0.0969123
0.0971054
0.903845
0.519069
0.212984
0.731502
0.906434
0.906366
0.906397
0.097396
0.883891
0.0993382
0.654572
0.906436
0.131664
0.890054
0.244597
0.90622
0.0980412
0.906435
0.812717
0.905429
0.906287
0.819857
0.329277
0.0956981
0.752393
0.0956717
0.845991
0.899102
0.903581
0.874875
0.905312
0.150569
0.0956672
0.0970482
0.101631
0.844373
0.896247
0.133146
0.109207
0.579748
0.723936
0.0957022
0.103826
0.249474
0.0959616
0.906434
0.256852
0.0960049
0.878108
0.101433
0.696343
0.0969716
0.103593
0.906431
0.305837
0.90624
0.883114
0.691989
0.104886
0.0956718
0.69005
0.906027
0.895782
0.906378
0.905864
0.0964181
0.906217
0.15268
0.0956687
0.905988
0.096103
0.0957168
0.095804
0.906434
0.096664
0.096564
0.903407
0.0964237
0.904141
0.0959849
0.0982103
0.0961093
0.812482
0.0994539
0.904489
0.0957787
0.905734
0.446159
0.865604
0.267091
0.82601
0.0957167
0.906431
0.858576
0.102621
0.905661
0.421325
0.301791
0.0956669
0.855297
0.0956872
0.145924
0.383824
0.0956963
0.904925
0.906226
0.100856
0.0963416
0.903249
0.906256
0.903074
0.096289
0.178598
0.896375
0.902791
0.905972
0.337752
0.0958456
0.278639
0.89854
0.139798
0.105697
0.104555
0.905052
0.247934
0.85769
0.122538
0.906098
0.875107
0.486051
0.906259
0.887848
0.464761
0.0969317
0.906157
0.0986697
0.889605
0.174917
0.224359
0.843041
0.096789
0.0961153
0.90643
0.874249
0.905293
0.905415
0.888783
0.904542
0.097385
0.695173
0.0987013
0.903694
0.0966625
0.102439
0.107758
0.90642
0.906401
0.898629
0.775035
0.903949
0.246798
0.658021
0.872537
0.0958008
0.905801
0.0959228
0.906211
0.120662
0.098941
0.846364
0.0956667
0.152484
0.895852
0.906436
0.903484
0.906429
0.905912
0.503018
0.906381
0.0956722
0.196974
0.116927
0.883007
0.569672
0.906352
0.864434
0.09632
0.906419
0.896062
0.106629
0.906063
0.0972415
0.90036
0.314438
0.905796
0.811269
0.873182
0.3631
0.0956907
0.75518
0.0957732
0.0957748
0.893269
0.106571
0.0957262
0.906243
0.906426
0.906374
0.108657
0.108526
0.905993
0.097742
0.482531
0.603145
0.0957619
0.866037
0.546229
0.250578
0.106378
0.635773
0.906321
0.126379
0.641961
0.0956671
0.0958662
0.905921
0.880561
0.887985
0.0962505
0.392881
0.906416
0.884487
0.0958075
0.906392
0.866329
0.0967934
0.095816
0.905869
0.880316
0.103252
0.866044
0.906436
0.0956667
0.0957846
0.905302
0.167416
0.891921
0.904674
0.099058
0.811924
0.896984
0.0956681
0.0957284
0.0961549
0.759421
0.905848
0.902748
0.148545
0.906436
0.786162
0.229863
0.15035
0.853352
0.905503
0.0956688
0.736658
0.292439
0.321377
0.904902
0.126769
0.381875
0.369168
0.903057
0.880636
0.0970996
0.206998
0.152502
0.0956702
0.09927
0.104733
0.9059
0.20633
0.123954
0.682398
0.121161
0.906435
0.0956667
0.906396
0.906426
0.257664
0.896873
0.12534
0.906408
0.906069
0.125111
0.892079
0.905943
0.90229
0.897366
0.0956667
0.272488
0.891977
0.894239
0.90634
0.0999283
0.110159
0.09568
0.238535
0.157289
0.106569
0.0956722
0.0956667
0.905389
0.110762
0.90639
0.341574
0.810534
0.140482
0.0959447
0.735404
0.906422
0.440256
0.114031
0.171162
0.095682
0.860113
0.869335
0.0958805
0.902953
0.90642
0.0957684
0.155314
0.890283
0.906436
0.10243
0.905604
0.146382
0.0956821
0.098764
0.872033
0.701621
0.905916
0.90635
0.897905
0.855414
0.0968609
0.0958519
0.888756
0.0956874
0.100676
0.114273
0.90461
0.904669
0.108983
0.0959052
0.852219
0.0956667
0.0970872
0.10524
0.0956727
0.0957001
0.906386
0.90605
0.0965295
0.0959271
0.905821
0.806581
0.0957278
0.650596
0.448444
0.841103
0.0966469
0.11721
0.90643
0.0980204
0.901642
0.692945
0.098144
0.0980989
0.906436
0.0957113
0.902256
0.899728
0.906304
0.889155
0.0967555
0.885429
0.905996
0.904205
0.278556
0.151007
0.118502
0.19221
0.10593
0.906434
0.102819
0.899627
0.0956903
0.905959
0.0962862
0.814758
0.891557
0.90638
0.906106
0.869165
0.902406
0.905813
0.243524
0.169722
0.110742
0.856891
0.903446
0.0958593
0.905057
0.905705
0.903245
0.906393
0.207333
0.906436
0.697267
0.904136
0.897101
0.763984
0.117209
0.0956667
0.887717
0.163812
0.825966
0.301424
0.0972139
0.0959734
0.880271
0.595909
0.205107
0.095936
0.904636
0.467565
0.095667
0.881212
0.904376
0.905469
0.90126
0.100287
0.901028
0.0956667
0.905291
0.0957177
0.904682
0.258846
0.902417
0.898067
0.906374
0.905654
0.879153
0.108219
0.129917
0.500733
0.903202
0.265114
0.551146
0.874032
0.906436
0.88607
0.902675
0.904765
0.87292
0.500858
0.875104
0.101185
0.906435
0.097065
0.891901
0.0957648
0.0960479
0.100321
0.906413
0.459843
0.886272
0.453374
0.906407
0.130373
0.788477
0.112624
0.337878
0.898526
0.806774
0.318981
0.121109
0.101766
0.893544
0.898745
0.186226
0.565007
0.095677
0.881153
0.906355
0.899478
0.111054
0.906394
0.90607
0.670036
0.0961441
0.570732
0.0962574
0.755059
0.904716
0.906431
0.0994398
0.81219
0.11131
0.905474
0.0962287
0.906426
0.897867
0.0956672
0.905287
0.0980791
0.906433
0.596373
0.779798
0.0996578
0.424366
0.905831
0.906386
0.838061
0.845199
0.906431
0.0968767
0.771757
0.896959
0.527555
0.906432
0.0956929
0.106151
0.0961261
0.0956676
0.0957858
0.0958521
0.905377
0.685021
0.0957011
0.88671
0.095683
0.107233
0.171596
0.68618
0.903814
0.898147
0.906436
0.906431
0.142446
0.125512
0.136677
0.127186
0.906407
0.118662
0.847449
0.0970324
0.0958836
0.645995
0.854748
0.0968103
0.0956708
0.122721
0.0956741
0.906424
0.096598
0.88988
0.879786
0.376493
0.898078
0.306471
0.0959825
0.899129
0.0962359
0.200871
0.89003
0.906371
0.904652
0.141712
0.823461
0.260023
0.144097
0.227065
0.365156
0.12076
0.0958486
0.583757
0.890025
0.905075
0.0956686
0.90592
0.505641
0.849611
0.905785
0.100706
0.903578
0.875618
0.0956667
0.906433
0.0961738
0.359374
0.263919
0.339279
0.0960232
0.905641
0.104923
0.894849
0.636886
0.112659
0.0959803
0.841498
0.2944
0.0956685
0.806714
0.0962137
0.104358
0.0956682
0.241153
0.777947
0.0956978
0.897052
0.842062
0.193887
0.606901
0.887823
0.856543
0.878501
0.901865
0.696734
0.177581
0.905115
0.905934
0.894861
0.0968297
0.0956789
0.737117
0.0956722
0.903234
0.158814
0.0956668
0.0957127
0.13755
0.89815
0.906396
0.0971333
0.88396
0.90617
0.0956766
0.845726
0.0956672
0.180955
0.904254
0.30978
0.899567
0.90187
0.89985
0.317136
0.905534
0.904716
0.119606
0.126564
0.883313
0.906088
0.881492
0.128623
0.460944
0.350175
0.906432
0.906416
0.254316
0.898895
0.906435
0.841635
0.898366
0.906436
0.890035
0.519386
0.0957214
0.0967855
0.0959738
0.105224
0.90508
0.4481
0.104182
0.103105
0.906303
0.880686
0.573369
0.108953
0.902293
0.906432
0.761403
0.184716
0.903993
0.0975936
0.0956667
0.906256
0.0958075
0.906435
0.269087
0.864566
0.511012
0.832948
0.899665
0.906403
0.903185
0.136538
0.905213
0.906415
0.19677
0.0965738
0.0956675
0.663671
0.85733
0.906399
0.905328
0.510072
0.893297
0.865101
0.874365
0.904188
0.896381
0.135983
0.101955
0.786034
0.90639
0.904991
0.0956667
0.888022
0.0968684
0.902701
0.0956892
0.182178
0.891479
0.440285
0.0956705
0.893264
0.0957305
0.0957243
0.815422
0.843873
0.906431
0.130986
0.890981
0.901165
0.886312
0.889213
0.906433
0.171137
0.0956667
0.0963272
0.906428
0.857734
0.904856
0.0956669
0.100965
0.095667
0.0968024
0.102326
0.132423
0.0974074
0.0956668
0.159729
0.650367
0.0956673
0.906433
0.0971767
0.0957654
0.901286
0.467997
0.882833
0.171244
0.882558
0.897389
0.0978134
0.095754
0.906389
0.579521
0.124531
0.0959894
0.0971058
0.818004
0.095865
0.214483
0.32705
0.138704
0.0959137
0.0959131
0.886525
0.905985
0.0986508
0.142909
0.0957549
0.115619
0.107245
0.0956667
0.0966991
0.905185
0.900719
0.866146
0.906152
0.158172
0.10521
0.277573
0.906421
0.0960406
0.906435
0.897398
0.315511
0.0957174
0.139797
0.101397
0.905374
0.894078
0.774573
0.860256
0.906362
0.880897
0.904244
0.0956868
0.850246
0.904448
0.906435
0.144766
0.906433
0.844152
0.101177
0.901086
0.0959737
0.903479
0.702891
0.906391
0.881256
0.905597
0.905048
0.0968783
0.0956671
0.0956991
0.906425
0.744222
0.0975137
0.0973753
0.0956711
0.0961036
0.107964
0.495288
0.906435
0.877567
0.906415
0.303866
0.906424
0.785833
0.442114
0.877047
0.753208
0.0986723
0.905429
0.857459
0.0957455
0.160847
0.0957648
0.0993579
0.899876
0.0959774
0.0956729
0.102479
0.0960055
0.110055
0.0957249
0.881777
0.105387
0.691469
0.78272
0.103211
0.869885
0.104535
0.904369
0.906427
0.734319
0.095962
0.15846
0.0958066
0.34369
0.900007
0.455771
0.290892
0.116116
0.106649
0.494463
0.514587
0.906151
0.0956667
0.141317
0.582741
0.0995477
0.131398
0.107364
0.0956667
0.890187
0.906428
0.635879
0.0956685
0.0966357
0.560342
0.905457
0.211533
0.901987
0.0975084
0.095799
0.0982018
0.906396
0.88433
0.886131
0.901136
0.704429
0.894285
0.115514
0.905915
0.244126
0.823551
0.0999665
0.14521
0.869978
0.095868
0.13507
0.906434
0.0956667
0.173646
0.0990367
0.39198
0.1017
0.095993
0.906259
0.109156
0.899237
0.893262
0.0956761
0.430707
0.755188
0.0962144
0.0956668
0.882507
0.883931
0.101287
0.0956667
0.0983004
0.0963402
0.351548
0.0958895
0.112314
0.119825
0.89128
0.866755
0.791852
0.819382
0.211727
0.147603
0.0967763
0.177845
0.0957484
0.0958312
0.103455
0.906272
0.815286
0.901979
0.0957057
0.906421
0.11152
0.0957489
0.0957684
0.0963159
0.887496
0.898729
0.906424
0.895973
0.0971156
0.906432
0.892722
0.881242
0.873618
0.906407
0.127192
0.0956667
0.845683
0.3209
0.0989832
0.0956746
0.0957392
0.217057
0.892617
0.0956667
0.896189
0.43497
0.886242
0.465031
0.81606
0.906435
0.100923
0.896904
0.102625
0.631377
0.906408
0.906401
0.0956673
0.153727
0.095755
0.902411
0.564427
0.905702
0.155612
0.890595
0.0956686
0.837041
0.0957189
0.906097
0.0974246
0.116461
0.100571
0.887786
0.452953
0.247237
0.0963309
0.0964634
0.698294
0.0961411
0.192902
0.905995
0.583162
0.0961206
0.0967898
0.906436
0.0956667
0.0958634
0.600762
0.192942
0.761214
0.0956915
0.095668
0.0962269
0.291115
0.216139
0.737891
0.095753
0.709454
0.906406
0.906391
0.905132
0.906103
0.0956667
0.0956699
0.250375
0.906433
0.097091
0.906176
0.901862
0.643632
0.708195
0.108265
0.889348
0.858693
0.11532
0.187357
0.902556
0.0971145
0.304699
0.771776
0.0974018
0.906257
0.09567
0.0960401
0.905824
0.0960907
0.905966
0.125048
0.876603
0.8625
0.109112
0.0972602
0.424558
0.816807
0.0959219
0.904533
0.906435
0.0956921
0.0956667
0.904379
0.906342
0.0984795
0.107091
0.775165
0.194572
0.103162
0.905953
0.109395
0.115989
0.847948
0.906433
0.131971
0.906399
0.902946
0.801552
0.096725
0.764783
0.126804
0.196428
0.906011
0.889847
0.90579
0.097387
0.747641
0.705107
0.383146
0.906291
0.906429
0.90635
0.0991054
0.0957229
0.0956667
0.856459
0.878831
0.133785
0.248295
0.0968644
0.0967817
0.903924
0.837942
0.785732
0.905846
0.906291
0.906435
0.77339
0.900927
0.578589
0.726834
0.0956788
0.110767
0.0975029
0.852004
0.886637
0.906363
0.837764
0.905125
0.0956772
0.607001
0.904311
0.809854
0.100831
0.0957629
0.896634
0.836474
0.128581
0.214621
0.906419
0.15143
0.157468
0.110437
0.635676
0.903488
0.173929
0.906015
0.863362
0.0960918
0.0983494
0.0960213
0.906436
0.0983256
0.0960219
0.781905
0.0956667
0.90565
0.250209
0.906432
0.210464
0.754554
0.906436
0.233652
0.899698
0.891194
0.0958652
0.095667
0.129112
0.121158
0.906435
0.863937
0.0959709
0.905472
0.803488
0.827408
0.904806
0.309641
0.0956717
0.827987
0.89741
0.0956707
0.416976
0.906396
0.780316
0.904453
0.0956686
0.0957135
0.0963333
0.602874
0.0981781
0.102858
0.90327
0.832069
0.906388
0.0959391
0.114023
0.0958722
0.806501
0.39595
0.0956672
0.0956898
0.253319
0.756018
0.0958717
0.90365
0.896486
0.244697
0.0959572
0.0983983
0.0956835
0.904336
0.905434
0.745587
0.0962153
0.113768
0.0960569
0.890148
0.882137
0.218931
0.335652
0.16784
0.906433
0.224498
0.101974
0.128065
0.151515
0.905651
0.179905
0.0957482
0.0957878
0.898798
0.10627
0.23972
0.0967731
0.900934
0.338513
0.857797
0.0996162
0.906224
0.23806
0.162274
0.118171
0.0970962
0.851495
0.906324
0.095779
0.77612
0.873994
0.22517
0.895379
0.754567
0.140054
0.201546
0.564009
0.90228
0.106363
0.0956771
0.906396
0.89282
0.906386
0.9062
0.114748
0.286539
0.577507
0.755951
0.905415
0.861174
0.112061
0.906103
0.10553
0.0967579
0.751557
0.904615
0.905906
0.11229
0.755317
0.810142
0.894925
0.0961774
0.336442
0.0956667
0.886429
0.0956669
0.906435
0.855491
0.0962588
0.770384
0.0957309
0.442258
0.158459
0.0968065
0.580591
0.0957108
0.104167
0.906436
0.869012
0.537154
0.606364
0.0966323
0.231341
0.906379
0.90638
0.757902
0.105739
0.906232
0.0978245
0.905945
0.095667
0.892191
0.118972
0.0956669
0.894436
0.897899
0.519622
0.906426
0.899722
0.0998828
0.906223
0.269448
0.55698
0.906429
0.902258
0.905825
0.793215
0.0985567
0.906273
0.903299
0.904041
0.324012
0.624201
0.095673
0.758444
0.207388
0.12895
0.0956667
0.668964
0.906426
0.808467
0.343347
0.88776
0.0957328
0.902509
0.41452
0.837036
0.0956667
0.108944
0.906363
0.0957591
0.905543
0.89832
0.095802
0.0957394
0.906388
0.642593
0.859136
0.767202
0.12748
0.90538
0.887119
0.136229
0.828242
0.095996
0.905174
0.900638
0.883427
0.0993565
0.445125
0.899667
0.905845
0.903846
0.845627
0.492532
0.815507
0.900217
0.100731
0.47889
0.759327
0.903259
0.906202
0.15548
0.906411
0.102585
0.309303
0.853352
0.905945
0.124045
0.883451
0.906429
0.0958678
0.0969264
0.168722
0.906287
0.893979
0.0959071
0.0974293
0.87993
0.0960895
0.0956667
0.90609
0.9064
0.0985994
0.900615
0.90643
0.887274
0.343017
0.153407
0.882254
0.318521
0.898388
0.128571
0.0956673
0.839313
0.905561
0.0956761
0.896735
0.0956667
0.906231
0.906214
0.0970633
0.906227
0.896851
0.694929
0.900429
0.840206
0.906428
0.0998549
0.383719
0.843811
0.0956668
0.906076
0.593236
0.90381
0.0981052
0.728344
0.0966311
0.157037
0.0956667
0.877542
0.104896
0.906435
0.582868
0.880019
0.105083
0.906424
0.0956741
0.906414
0.904679
0.892371
0.699252
0.316942
0.856123
0.849306
0.0988046
0.906429
0.906434
0.0957279
0.139582
0.115598
0.906332
0.0965797
0.099393
0.906431
0.84228
0.441387
0.906435
0.0956667
0.900973
0.120022
0.105898
0.856373
0.906342
0.147997
0.0975033
0.895113
0.788568
0.122542
0.848441
0.904806
0.875755
0.0957503
0.589816
0.905097
0.849569
0.33047
0.107117
0.0956667
0.906164
0.0970434
0.892959
0.895839
0.176199
0.162878
0.906349
0.624181
0.33832
0.897329
0.13266
0.100679
0.517417
0.906436
0.902698
0.734808
0.257231
0.179663
0.326856
0.841626
0.373375
0.101475
0.853812
0.122642
0.890777
0.136629
0.0966404
0.51143
0.906003
0.760997
0.900776
0.734179
0.164401
0.0968883
0.887794
0.906406
0.882231
0.0961112
0.100021
0.0956976
0.906361
0.0991836
0.857914
0.897333
0.110526
0.154385
0.691967
0.226296
0.571416
0.0962615
0.904469
0.892764
0.897934
0.906431
0.878366
0.796201
0.164927
0.104659
0.0979355
0.899876
0.672559
0.0961368
0.462545
0.906135
0.114894
0.855754
0.90545
0.0967465
0.70745
0.0956957
0.876783
0.905832
0.90333
0.449048
0.0956681
0.906435
0.100442
0.284588
0.899615
0.726242
0.0956821
0.186377
0.108504
0.460113
0.903192
0.37757
0.905381
0.904752
0.6843
0.906372
0.0956802
0.133814
0.781478
0.0958386
0.539316
0.134414
0.906435
0.764507
0.186069
0.845037
0.102326
0.196652
0.906373
0.881492
0.615554
0.0974984
0.541775
0.897327
0.891643
0.567474
0.811027
0.0962159
0.0956667
0.0960914
0.809797
0.885805
0.0956679
0.906433
0.878715
0.0956751
0.896987
0.898665
0.0956668
0.0956987
0.903735
0.466664
0.0993119
0.906417
0.116676
0.895564
0.0959404
0.0998946
0.906435
0.0960209
0.175755
0.906072
0.128649
0.112124
0.88912
0.882919
0.28933
0.127034
0.758399
0.861499
0.0956929
0.906433
0.851318
0.0956669
0.0990333
0.290315
0.0956878
0.0956668
0.267054
0.0956752
0.648351
0.861609
0.878046
0.114519
0.212378
0.906366
0.0967296
0.452112
0.905702
0.299156
0.0964036
0.906041
0.108557
0.780197
0.0956797
0.905972
0.854364
0.895634
0.893844
0.644381
0.758942
0.0961887
0.834886
0.11124
0.906426
0.116028
0.364166
0.0988946
0.0957096
0.17044
0.82637
0.124088
0.903078
0.903751
0.771206
0.855955
0.169578
0.90641
0.905993
0.906173
0.871923
0.0957557
0.90355
0.403968
0.117885
0.0957227
0.741221
0.905176
0.299222
0.871251
0.905828
0.0982291
0.906435
0.103057
0.853317
0.25073
0.101319
0.716062
0.90643
0.0956677
0.899761
0.870928
0.0960103
0.454486
0.100515
0.854844
0.108628
0.867061
0.0964824
0.847085
0.100247
0.09645
0.172102
0.889607
0.407866
0.0962909
0.190958
0.0956725
0.89614
0.0957179
0.102914
0.284598
0.269244
0.730187
0.769173
0.905252
0.901582
0.10911
0.0995776
0.0956693
0.893498
0.26712
0.183755
0.117721
0.645131
0.905817
0.0996555
0.117512
0.906424
0.300033
0.900118
0.906431
0.771985
0.0963721
0.699351
0.863118
0.906435
0.89566
0.0957907
0.900073
0.123852
0.760336
0.0958333
0.894366
0.901976
0.906433
0.906233
0.906427
0.0971057
0.095851
0.116844
0.0968345
0.861078
0.906392
0.407391
0.0957516
0.0971081
0.188427
0.886149
0.8628
0.0957736
0.095671
0.882708
0.522208
0.906435
0.195559
0.904185
0.807535
0.0980181
0.123801
0.749931
0.0963011
0.722836
0.823435
0.10755
0.906427
0.905273
0.906435
0.109188
0.906435
0.906184
0.0956713
0.0956668
0.902327
0.095672
0.287352
0.0956973
0.107088
0.906159
0.115182
0.565414
0.904172
0.906215
0.9062
0.841793
0.0963373
0.809478
0.850324
0.904025
0.0965423
0.152993
0.90641
0.208197
0.906435
0.906436
0.105916
0.0973005
0.242495
0.861284
0.0956671
0.905884
0.199
0.0958451
0.112888
0.09678
0.0958978
0.904828
0.0967596
0.100955
0.250994
0.0956676
0.72976
0.906435
0.906402
0.718567
0.832919
0.0957954
0.287613
0.703266
0.893127
0.774956
0.880397
0.828055
0.904972
0.491932
0.906034
0.196127
0.0956981
0.348961
0.899225
0.905787
0.905439
0.905516
0.906428
0.126159
0.906428
0.0977801
0.881856
0.0956964
0.752719
0.906369
0.554772
0.0995008
0.899549
0.344388
0.103448
0.85817
0.904707
0.0963482
0.0958025
0.906434
0.196414
0.146526
0.0959616
0.123551
0.882149
0.473358
0.122206
0.518677
0.0956669
0.100491
0.906435
0.0956818
0.247651
0.90632
0.898746
0.0956718
0.101044
0.812082
0.875552
0.0956667
0.0956994
0.291375
0.0980832
0.209726
0.902685
0.90639
0.906347
0.797002
0.121981
0.352696
0.906398
0.905979
0.904898
0.876756
0.906418
0.095926
0.101524
0.63646
0.905587
0.113326
0.906411
0.906396
0.377916
0.89352
0.905787
0.10194
0.906428
0.0956669
0.875069
0.883213
0.892808
0.906433
0.613895
0.109061
0.895329
0.612882
0.226815
0.877768
0.113072
0.766784
0.104427
0.0956672
0.0958746
0.90484
0.182448
0.904162
0.882851
0.0956689
0.817263
0.0967197
0.905934
0.799767
0.905527
0.396429
0.904329
0.664269
0.894575
0.87499
0.105817
0.805037
0.0959658
0.884484
0.894492
0.898774
0.0956751
0.906286
0.906434
0.0957646
0.902708
0.249751
0.616278
0.134073
0.876684
0.149445
0.821015
0.894108
0.902847
0.879447
0.0967972
0.727481
0.116428
0.881723
0.183837
0.902015
0.147101
0.0969589
0.905057
0.153224
0.096471
0.207807
0.905318
0.0956723
0.0956671
0.122969
0.117165
0.906431
0.906331
0.906198
0.874009
0.095671
0.884653
0.890459
0.0956667
0.0956684
0.124512
0.906335
0.53798
0.863253
0.905197
0.0957709
0.873666
0.906436
0.905003
0.09989
0.880202
0.0957443
0.833334
0.0980479
0.116288
0.867408
0.904276
0.0961028
0.0992583
0.115826
0.0956667
0.830665
0.0956676
0.705073
0.905987
0.0956768
0.213506
0.881143
0.118218
0.748606
0.529592
0.13699
0.101505
0.0991343
0.906432
0.0956736
0.810421
0.127978
0.832851
0.104119
0.791703
0.904253
0.905704
0.902049
0.325898
0.905538
0.0956669
0.0974906
0.664391
0.0958243
0.906419
0.095699
0.0957125
0.761196
0.868733
0.103191
0.202052
0.906413
0.289715
0.906379
0.905592
0.906436
0.892582
0.808411
0.888682
0.559592
0.135897
0.554602
0.877591
0.178755
0.142801
0.440352
0.153412
0.0956667
0.660724
0.877656
0.0970764
0.906434
0.101703
0.117892
0.878758
0.889061
0.849648
0.0968006
0.90133
0.0998785
0.109811
0.106595
0.755065
0.906435
0.0963328
0.121156
0.103404
0.0956722
0.0963373
0.476458
0.750459
0.392859
0.617834
0.905992
0.0956667
0.289696
0.903433
0.0956668
0.0957567
0.862487
0.906435
0.106193
0.800328
0.114456
0.906256
0.904769
0.105044
0.321889
0.867262
0.904138
0.0958041
0.130974
0.17252
0.0956802
0.904506
0.845125
0.0962521
0.0956673
0.906019
0.901509
0.103461
0.904796
0.906255
0.718545
0.0971461
0.864944
0.584638
0.906435
0.69324
0.711628
0.89139
0.12238
0.0965451
0.260267
0.719378
0.906431
0.857984
0.0956737
0.0957619
0.878105
0.634112
0.885352
0.881586
0.0982701
0.900338
0.899553
0.862061
0.906429
0.899131
0.89482
0.906431
0.800844
0.0973769
0.106673
0.0956779
0.0968158
0.906416
0.103311
0.0960207
0.755714
0.7891
0.815107
0.896389
0.904543
0.893286
0.906425
0.200119
0.905336
0.902662
0.352099
0.0956667
0.843045
0.10476
0.284816
0.905674
0.579111
0.259592
0.906212
0.906432
0.0956705
0.208256
0.839577
0.906391
0.0956941
0.616287
0.0976437
0.144978
0.0957799
0.85173
0.903109
0.0957293
0.901447
0.0984807
0.903868
0.877476
0.887053
0.898017
0.153253
0.64432
0.0971091
0.900823
0.138128
0.905659
0.901652
0.905783
0.900059
0.0964771
0.0971898
0.095792
0.131035
0.906302
0.905299
0.649501
0.906194
0.102227
0.0956669
0.906425
0.905396
0.101987
0.901339
0.0970748
0.906051
0.109502
0.793765
0.143015
0.866395
0.894722
0.183258
0.860221
0.906436
0.872128
0.0981881
0.905574
0.871588
0.095724
0.906409
0.123825
0.880695
0.898943
0.9051
0.104589
0.11115
0.0964688
0.561917
0.44559
0.394615
0.50566
0.905393
0.903909
0.096139
0.833484
0.721043
0.140289
0.0957001
0.222649
0.867872
0.744493
0.896888
0.727199
0.868879
0.099121
0.478688
0.893416
0.896847
0.616997
0.867406
0.0957831
0.0956755
0.847197
0.884097
0.904408
0.0956722
0.87318
0.0992683
0.0956886
0.0968
0.110844
0.905045
0.856851
0.905447
0.0957188
0.0956679
0.906181
0.0968499
0.843573
0.768507
0.844807
0.766724
0.0959094
0.0956667
0.780766
0.906416
0.900587
0.301466
0.0957617
0.0956768
0.906425
0.112377
0.0957712
0.430064
0.132344
0.896974
0.893267
0.906426
0.111449
0.100659
0.0956868
0.901226
0.906396
0.904381
0.906222
0.906276
0.0957558
0.120661
0.720533
0.0956676
0.443743
0.8235
0.746686
0.906063
0.104535
0.404666
0.109556
0.906314
0.0956668
0.0958785
0.874157
0.10277
0.095695
0.103396
0.0960192
0.906431
0.282145
0.789821
0.906382
0.906373
0.0993866
0.0964866
0.338925
0.191047
0.529812
0.102466
0.906435
0.332196
0.233481
0.84796
0.0956742
0.0958774
0.878528
0.904358
0.906226
0.134182
0.155772
0.364044
0.86009
0.888449
0.728725
0.103951
0.0956667
0.139264
0.902856
0.131881
0.103495
0.902914
0.906435
0.397721
0.10835
0.905185
0.905266
0.815566
0.095669
0.0957202
0.107521
0.9045
0.0979619
0.900761
0.0956711
0.88209
0.904396
0.15131
0.902591
0.115296
0.906435
0.901996
0.905683
0.896679
0.906388
0.095677
0.115753
0.0965269
0.0968297
0.095681
0.720145
0.505323
0.778149
0.903593
0.619707
0.792798
0.60796
0.198158
0.831233
0.0956712
0.0957437
0.901155
0.901018
0.896665
0.100981
0.839534
0.89569
0.903023
0.902558
0.0956834
0.906287
0.332076
0.86825
0.0968714
0.16484
0.892078
0.0957692
0.0962273
0.90377
0.903429
0.906436
0.906103
0.0965574
0.16039
0.673598
0.113544
0.858929
0.118454
0.0956667
0.171396
0.906138
0.902165
0.906415
0.54553
0.902754
0.906425
0.0969953
0.906412
0.905009
0.867796
0.0957986
0.118576
0.213239
0.906386
0.904628
0.0956668
0.0957005
0.893548
0.096706
0.0961125
0.901637
0.19206
0.0960519
0.874391
0.902355
0.662938
0.906362
0.904284
0.415106
0.905304
0.0978442
0.892317
0.100661
0.900883
0.0957176
0.861985
0.885215
0.898626
0.0957159
0.899956
0.901784
0.893178
0.0956678
0.904825
0.901793
0.390711
0.490054
0.127438
0.872858
0.906433
0.308555
0.906384
0.0960687
0.0984682
0.906389
0.0978768
0.0983392
0.860202
0.906166
0.0973105
0.905409
0.0972639
0.456331
0.906182
0.115922
0.906429
0.0956708
0.0956667
0.727054
0.906405
0.90606
0.90642
0.906109
0.906189
0.888968
0.726084
0.902324
0.095852
0.0962758
0.102428
0.906209
0.127133
0.906351
0.744144
0.902909
0.0956884
0.843653
0.13469
0.90629
0.906425
0.149956
0.889991
0.36738
0.89958
0.095702
0.445407
0.103474
0.841436
0.72974
0.0999535
0.160548
0.096007
0.397258
0.904388
0.905847
0.906405
0.106813
0.495226
0.773175
0.120884
0.902815
0.100343
0.90643
0.893475
0.337058
0.40398
0.884082
0.898846
0.610273
0.126555
0.0958203
0.0961678
0.90643
0.906435
0.0957052
0.903967
0.0956757
0.744424
0.273526
0.905701
0.447425
0.0956675
0.897839
0.0956678
0.164573
0.869859
0.0956667
0.904933
0.125342
0.906428
0.508519
0.0978878
0.896485
0.773499
0.0957083
0.857085
0.906419
0.0998565
0.217029
0.0956667
0.713238
0.905899
0.904662
0.740652
0.905027
0.095674
0.0957013
0.90003
0.095756
0.272669
0.096042
0.611184
0.144277
0.906216
0.906134
0.206232
0.906068
0.0956683
0.515286
0.0969209
0.0957877
0.110136
0.0956667
0.096717
0.0956812
0.312768
0.562482
0.0963214
0.0962022
0.31604
0.860254
0.894272
0.863653
0.880202
0.905818
0.0956667
0.89695
0.906435
0.906241
0.0957767
0.162459
0.570389
0.27185
0.0956667
0.247494
0.479156
0.898473
0.75537
0.0961315
0.877313
0.095794
0.209836
0.0956721
0.0971207
0.716255
0.311329
0.905964
0.150723
0.879051
0.0956679
0.703139
0.902643
0.905893
0.906127
0.884274
0.906436
0.0958046
0.0956793
0.906127
0.905587
0.0956667
0.362746
0.279571
0.694616
0.0956667
0.118244
0.096526
0.276592
0.225504
0.095678
0.141038
0.890809
0.186405
0.863253
0.906436
0.905222
0.605504
0.0974525
0.906431
0.0956694
0.0986374
0.0956667
0.901603
0.89374
0.114323
0.0956669
0.906427
0.906407
0.154091
0.769631
0.903339
0.11257
0.904217
0.155926
0.0963523
0.123638
0.227474
0.114533
0.0956674
0.0977993
0.903656
0.843387
0.104699
0.443944
0.118046
0.710265
0.095667
0.810506
0.0956721
0.904543
0.896014
0.862073
0.904872
0.095674
0.906435
0.81567
0.263094
0.0974979
0.153531
0.90137
0.0958437
0.107917
0.0991153
0.225515
0.103678
0.903329
0.887999
0.906432
0.19544
0.802813
0.883773
0.895467
0.0957921
0.0958576
0.90641
0.894926
0.18435
0.902513
0.0978725
0.558214
0.842886
0.300835
0.906167
0.906433
0.90097
0.395696
0.0991577
0.906301
0.0961714
0.898684
0.664184
0.104079
0.174
0.0978987
0.101843
0.882698
0.889425
0.0960835
0.885135
0.906422
0.906435
0.0956668
0.903776
0.244199
0.308446
0.905189
0.9015
0.325811
0.905834
0.759798
0.417602
0.10686
0.906434
0.906073
0.903979
0.900441
0.302582
0.905669
0.0956667
0.744738
0.9034
0.906347
0.904974
0.442014
0.906139
0.0958825
0.100369
0.795052
0.905881
0.1581
0.0961045
0.836601
0.470867
0.0957783
0.407775
0.755527
0.261174
0.114192
0.90642
0.245378
0.904055
0.90642
0.121456
0.868437
0.133273
0.906422
0.123998
0.345616
0.288029
0.152563
0.135403
0.906432
0.0963698
0.0973013
0.519468
0.0957934
0.0967645
0.461881
0.0957237
0.90526
0.895157
0.230853
0.0974007
0.906436
0.853144
0.0956703
0.100494
0.0958432
0.787369
0.0956672
0.112125
0.906431
0.637076
0.0957962
0.784001
0.906314
0.904029
0.903671
0.906433
0.860474
0.0974378
0.894192
0.905289
0.904543
0.534932
0.51357
0.766176
0.165796
0.725019
0.827902
0.880724
0.0956668
0.901843
0.898341
0.129635
0.0957439
0.900268
0.906405
0.0968403
0.0957786
0.114966
0.0977805
0.0956671
0.831296
0.872018
0.904643
0.0959257
0.100221
0.0956762
0.533534
0.24768
0.0973952
0.095686
0.815915
0.600522
0.095667
0.0964147
0.906398
0.0972779
0.906418
0.899861
0.90601
0.0997907
0.176799
0.881285
0.0956667
0.903314
0.0958065
0.901969
0.509433
0.183666
0.852537
0.0963091
0.902812
0.263926
0.840534
0.906435
0.844861
0.569376
0.822814
0.898788
0.808456
0.873656
0.723974
0.0957807
0.269992
0.837091
0.105902
0.0992829
0.0956667
0.906114
0.8772
0.227524
0.837229
0.906363
0.0956695
0.898219
0.906108
0.902096
0.255206
0.0956738
0.120218
0.0956667
0.0956698
0.895381
0.847897
0.555859
0.906409
0.820975
0.896979
0.223244
0.906077
0.906225
0.478319
0.891525
0.095695
0.0960217
0.905378
0.899421
0.906139
0.102727
0.244626
0.0956942
0.0958283
0.161041
0.906183
0.362015
0.614687
0.896688
0.307791
0.0966357
0.892109
0.0971776
0.905025
0.906261
0.0956667
0.843868
0.90639
0.901844
0.0956667
0.364274
0.819201
0.841497
0.115693
0.0956886
0.0979541
0.0966391
0.878916
0.258888
0.0959334
0.906435
0.895294
0.904431
0.100731
0.0956667
0.0956929
0.90624
0.101633
0.86431
0.0964841
0.906252
0.0956671
0.901102
0.101524
0.0957242
0.751627
0.0957035
0.105899
0.0956918
0.0956667
0.881436
0.1476
0.095695
0.901553
0.906146
0.900486
0.0966887
0.113417
0.906431
0.095668
0.562463
0.126426
0.906425
0.0956672
0.0956669
0.884674
0.0956669
0.906416
0.906279
0.835192
0.110566
0.885106
0.130533
0.153594
0.0963741
0.0956675
0.906436
0.906135
0.906414
0.224422
0.101557
0.906432
0.561026
0.904028
0.0957745
0.0959013
0.0956667
0.900537
0.118364
0.0956668
0.130448
0.865759
0.101495
0.400528
0.157649
0.0990476
0.904494
0.906341
0.906432
0.902076
0.0956961
0.182595
0.891204
0.905852
0.100616
0.201405
0.561197
0.903564
0.905
0.47043
0.0957281
0.878508
0.0957853
0.0961906
0.0988383
0.433228
0.464165
0.100645
0.904041
0.0956667
0.0982754
0.168926
0.120823
0.903788
0.766756
0.900125
0.427379
0.906206
0.102014
0.100418
0.0956695
0.825703
0.892134
0.814815
0.102183
0.760516
0.811139
0.0956667
0.0981968
0.903388
0.761385
0.906388
0.889771
0.0963203
0.0957225
0.10777
0.168754
0.884513
0.0974092
0.0961621
0.855267
0.906353
0.0957001
0.09567
0.0958698
0.0960835
0.20421
0.904884
0.0956744
0.102308
0.173499
0.0956681
0.78917
0.0957303
0.898091
0.850592
0.139811
0.904055
0.906179
0.131777
0.0976928
0.0984845
0.896429
0.906436
0.904044
0.894739
0.884478
0.906093
0.122783
0.789331
0.419258
0.1646
0.780299
0.419859
0.905853
0.14435
0.893573
0.0956868
0.898324
0.906343
0.896416
0.203035
0.893475
0.153441
0.906316
0.90338
0.906434
0.825492
0.784838
0.600419
0.111361
0.446447
0.906247
0.223588
0.0957885
0.0956789
0.0957315
0.905006
0.557247
0.905521
0.105409
0.0974365
0.906419
0.0984697
0.897006
0.905783
0.906431
0.0956668
0.137754
0.873585
0.785388
0.0956739
0.906434
0.876051
0.900213
0.143631
0.896959
0.328689
0.700323
0.809253
0.0990327
0.885237
0.292646
0.899634
0.739738
0.136685
0.894669
0.095669
0.852498
0.346689
0.107457
0.388506
0.84741
0.906036
0.096221
0.903855
0.15345
