0.016079
0.018431
0.0931811
0.897029
0.977072
0.675361
0.968892
0.0105079
0.0682796
0.752306
0.945643
0.98282
0.499014
0.990015
0.897884
1.03285e-06
0.99712
0.0965166
0.99076
0.20091
0.991259
0.000159442
0.974653
0.000502988
0.982886
0.735488
0.200246
0.881821
0.999302
0.99795
0.0515423
0.999994
0.574701
0.994696
0.908373
0.524507
0.0155822
0.83102
0.789975
0.000653804
0.00468879
1
0.0947233
3.89719e-05
0.23593
0.999919
0.99167
0.209947
0.660459
0.97665
0.892551
0.999986
0.00103334
1.77568e-07
0.0151431
0.215999
0.52971
0.998745
0.0912972
0.993431
0.944312
0.979099
0.741077
0.997747
0.999104
0.999629
0.000991235
0.985786
0.0171494
0.131481
0.996771
0.434502
0.384404
0.179446
0.979075
1.94017e-05
0.992894
0.978061
0.743046
0.824694
0.996751
0.00535085
0.998936
0.312495
0.817308
0.996769
0.422929
1
0.0715667
0.157872
0.0387657
0.0153145
3.53819e-06
0.930337
0.996311
0.000312134
1.72373e-06
0.760089
0.937669
0.856438
0.000404565
0.226024
0.952028
0.963225
0.279508
0.197446
0.999924
0.998059
0.0853346
0.000257484
0.00049711
2.50427e-06
0.928839
0.518689
0.724377
0.103204
0.0758581
0.281776
0.806102
0.999692
0.997812
0.00525824
0.900467
0.473834
0.178163
0.998735
0.750593
0.911813
0.999426
0.350715
0.179175
0.999991
0.0545046
0.248229
0.999763
0.0357562
0.426606
0.773883
0.439577
0.898347
0.167809
0.536713
1
0.990787
0.0037913
0.929531
0.999769
0.00104861
0.806173
0.991878
0.0809074
2.44929e-05
0.000320232
0.96418
0.943443
0.00115884
0.0368931
0.999431
0.591172
0.857653
0.00437308
0.692035
0.999912
0.00404289
3.16224e-08
0.999966
0.289154
0.873948
0.953372
0.141149
0.097982
0.987206
0.161964
0.836217
0.524704
0.762926
0.357934
6.85142e-05
0.442227
0.897034
0.980632
0.908324
2.67801e-11
0.97567
0.991057
0.911435
0.361592
0.997727
0.0402124
0.00211778
0.0480199
0.0958022
0.0196417
9.1964e-06
1
0.896381
0.255491
0.138391
0.891325
0.00053128
0.0801477
0.997315
0.999328
0.0460219
0.999994
0.00218223
0.873744
0.987506
0.801902
0.991548
0.926149
0.992826
0.125143
0.951181
0.350548
0.923804
0.0164897
0.649553
1.20969e-12
0.999161
0.106712
0.0447853
0.999853
0.00010801
0.98066
0.0300634
0.0190334
0.00161098
0.00676811
0.299305
1.23944e-05
0.910962
0.999975
0.415383
0.965547
0.764704
0.983336
0.581055
0.00437759
0.0370138
0.468772
0.666919
0.0280178
5.25612e-09
0.724512
0.00326679
0.994065
0.046836
0.0013348
0.00313056
0.604892
0.0169256
3.84494e-06
0.969234
0.982197
0.448775
0.19629
0.0738626
7.26276e-08
0.999977
0.115613
0.0043386
0.999998
0.999973
0.988081
0.437528
2.27258e-08
0.999244
0.00101171
0.973322
0.996968
0.000137313
0.936186
0.129079
0.54613
0.929788
0.994381
0.956655
0.209719
0.00293081
0.994081
0.999973
0.00235273
0.997444
0.665738
0.897689
3.35505e-07
0.999717
4.39892e-07
0.999788
0.57909
0.839586
0.999932
0.101005
0.997702
0.0075574
0.157602
0.941917
0.999732
0.20809
0.000101286
0.999568
0.999648
0.960938
0.990893
0.936922
0.992407
0.747601
0.999745
0.981745
0.998994
0.816715
0.98488
0.10429
0.983308
0.982557
0.166138
9.02501e-05
0.0956135
0.164937
0.850532
0.881981
0.36623
0.16428
0.00170043
0.43388
0.926304
0.963292
0.291775
0.222352
0.00489482
0.000418973
0.00269662
3.2469e-07
7.94315e-07
4.80048e-05
0.32865
0.141653
0.659074
0.99996
0.776502
0.956068
0.99838
4.54617e-09
0.812985
0.999997
0.124607
0.00906664
1.41089e-05
1.39925e-05
0.0356515
0.00238874
0.00475661
0.87244
0.15853
0.0103065
0.942682
0.854996
0.893816
0.98918
0.992998
0.98462
0.0738727
0.917246
1.14587e-09
0.293977
0.762029
0.519893
0.94553
0.855378
0.758792
0.000573064
7.5722e-05
0.00128465
0.999354
0.280073
0.0681952
0.997811
0.356049
0.999971
0.96549
0.997163
0.995525
0.397515
0.945126
0.125789
0.0256196
0.0776616
0.367707
0.713982
0.998011
0.000485545
0.00599215
0.634346
0.985614
0.00879964
0.971184
0.0033689
0.0355083
1
6.57401e-09
0.934563
0.000413697
0.999681
0.0939542
0.984766
0.998696
0.912469
0.999929
0.865633
0.332884
2.48831e-05
0.934478
0.000587905
0.442745
0.199144
0.992654
0.998026
0.99885
0.525779
8.60652e-06
0.467792
0.00357366
0.725526
0.86592
6.13165e-05
0.996838
0.370729
0.875205
0.0128451
7.13297e-06
0.860596
0.996546
0.916986
0.0266931
0.987027
0.0227488
0.803827
0.929843
0.982731
2.02849e-05
0.562483
0.485304
0.117077
0.999988
0.997111
0.238801
0.000238534
0.000973034
0.837258
0.481865
0.0338734
0.0699437
0.999671
0.993864
0.6714
0.141439
0.981767
0.00600403
0.996511
0.00213485
0.00426282
0.593614
0.90517
0.0144144
0.000119255
0.647235
0.00768406
1.17237e-06
0.985697
0.00227384
0.967503
0.000309049
0.816347
0.963709
0.702534
0.00725506
0.998549
0.0194666
0.360205
0.0271815
0.996734
0.312468
0.560576
0.00896067
0.971978
0.927758
0.0923644
0.99039
0.999729
0.998766
0.000553663
1.399e-09
0.707926
0.911998
0.000139528
0.984425
0.02802
0.734311
0.936575
0.190085
0.187851
0.962307
0.999355
0.915844
8.87101e-06
0.274126
0.988862
0.635665
0.989834
0.98429
0.872203
0.907802
1
0.885336
0.413202
0.218256
0.0120234
0.000616294
0.999827
0.0221561
0.012339
0.837303
0.999907
0.00235109
0.999928
0.995617
0.000108087
0.871088
0.0580046
0.0714496
0.000520254
0.363729
0.995957
0.964295
0.910243
0.00819101
0.144987
0.999963
0.000439827
0.524066
0.000140963
0.483553
0.997106
0.999833
0.823848
0.133534
0.0234817
1.94029e-09
0.999656
0.999697
0.728658
9.67427e-05
0.0675181
0.0352219
0.757614
0.197938
4.31337e-09
0.00133708
0.700787
0.204962
0.998648
5.77742e-05
0.123713
0.586519
1
0.999992
0.809721
0.960974
0.951302
0.990837
1.59587e-05
9.60692e-06
0.480581
1.82733e-05
0.64768
0.28573
0.00187911
0.711922
0.904029
0.0855598
0.40574
0.99449
0.00357425
0.000642433
2.53837e-05
0.998615
0.0163271
0.554879
1.24593e-05
0.0994387
1.02784e-06
0.040105
0.222774
0.803909
0.241189
0.623609
0.923281
1.43263e-05
0.174066
0.000212321
0.997577
0.987546
0.97786
0.999999
0.998609
0.997646
0.00112406
0.996601
0.987879
0.287881
0.0011797
0.125788
0.000334176
0.991654
5.30766e-05
0.153454
0.000891477
0.0434071
0.99625
0.998724
0.999993
0.186591
0.222301
0.042097
0.0247617
0.201541
0.146432
0.00633383
0.677227
0.000232144
0.984442
0.314782
5.24682e-05
0.9956
2.39997e-07
0.0423357
0.00148455
0.00733329
0.999163
0.806948
0.987926
0.226593
0.000667584
0.997664
0.993736
0.999554
0.963164
0.745648
0.918779
0.842005
0.978919
2.83137e-05
0.0253079
0.00680218
0.999999
0.0896249
2.12668e-05
0.558457
0.00203777
0.859136
0.998689
0.000130057
0.980956
0.99151
0.993329
0.166584
0.982554
0.871651
0.0154651
0.943235
0.999804
0.00636918
0.789253
0.994602
8.81904e-05
0.000439084
3.90653e-05
0.000193639
0.168987
0.999382
0.551589
0.0292784
5.56084e-05
0.986263
0.00190486
0.809202
3.23069e-05
0.499478
0.803686
0.210822
0.0001638
0.00206646
0.938284
0.237072
1
0.587781
0.999987
0.999911
1.26483e-05
0.128341
0.821141
7.32452e-05
0.961364
0.999974
0.00540095
0.97837
0.000105572
0.957996
0.566637
0.644654
0.0280571
0.115361
0.999997
0.611311
0.971346
0.110574
0.979528
0.999936
0.531894
0.286168
0.148957
0.941908
0.999981
0.0820943
0.998739
0.00131728
1.44052e-05
0.999713
0.388416
0.0195236
0.0165912
0.354611
0.744334
0.0159128
0.948893
0.792638
0.971153
0.00710069
0.00186024
0.23847
0.998839
0.00163146
0.0355465
0.999588
0.433035
0.993669
0.00306705
0.991177
0.965442
0.0558701
0.997895
0.005207
0.0884908
0.999996
0.996676
9.93922e-07
0.0135852
0.998011
0.999995
0.999408
0.758757
0.999997
0.236704
0.940247
9.51632e-07
0.838853
0.000650838
0.968405
0.994252
0.98451
0.00228145
0.999998
0.999766
0.999683
0.000288049
0.998742
0.731302
0.0672395
0.988804
0.0635
0.520364
1.00095e-05
0.997264
0.3661
0.761078
0.636244
0.0329974
0.998727
0.979378
0.000114712
0.99985
0.933741
1.02642e-08
0.963959
0.852833
0.000485518
0.476194
0.838804
0.98292
8.87009e-06
0.00462178
0.00573245
0.00135122
0.0455277
0.0927619
0.000403167
0.999965
1.85874e-05
0.999964
0.824701
0.373477
0.999963
0.999998
0.979386
0.565329
0.635395
0.764185
0.150323
0.99963
0.000523569
0.999995
0.0191362
0.671228
0.00155911
0.999925
0.70867
0.00061333
0.993855
0.923357
0.050138
0.0359172
0.985856
0.0911382
0.624566
0.973476
0.0746556
0.891752
0.000338951
0.489881
0.95894
0.593789
0.996103
0.00303233
0.966503
0.988907
0.863132
0.280322
0.132261
0.999962
0.999969
0.994954
0.982571
0.519653
0.0531292
0.793471
0.917587
0.0311667
0.295172
0.0183102
0.907491
0.673185
0.99934
0.749723
0.0115679
1.12249e-06
0.731038
0.95954
2.80793e-08
0.0308452
0.382478
0.999105
0.999995
0.132853
0.177226
0.870255
0.459458
0.936595
0.98669
0.00720121
0.000466022
0.0696532
0.963087
0.0406769
0.44174
0.0473561
0.321213
0.0834603
0.997099
0.000136713
0.800448
0.484246
0.973365
0.93292
0.000403538
0.999934
0.000432314
0.000431707
0.844465
0.99039
0.926987
0.00222377
0.000189372
0.335554
0.329465
0.120828
0.999178
0.857012
0.00140764
0.0804328
0.00498834
0.641082
0.922468
0.0106067
0.149036
0.0231761
0.00173876
0.326492
6.71213e-07
0.0976603
1.53913e-07
0.0111691
0.353155
0.0747707
0.99264
0.977991
0.601042
0.0537851
0.0202059
0.0627274
0.643368
0.0703591
0.000917732
0.93463
0.547911
0.00172142
0.998778
2.29709e-06
0.576056
0.998809
0.999985
0.677993
0.999899
0.00327377
0.877963
0.457193
0.877321
0.999799
0.998173
0.483145
0.994649
0.0011104
0.538073
0.172988
0.98769
0.998897
0.00409162
0.123273
0.53339
1.63329e-10
1.56148e-05
0.997028
0.378674
4.59563e-05
0.0141039
0.811635
0.000251227
0.0237073
0.989311
0.981883
0.0195706
4.76404e-08
0.521663
0.995306
0.0786449
0.00348345
0.980209
0.999983
0.952078
0.00167297
0.999397
1.60614e-05
0.66766
0.109256
0.00473884
0.000589426
0.594489
0.999468
0.172556
0.999005
0.00680125
0.697609
0.00165104
0.999994
0.939082
0.996718
0.00198776
0.260766
0.629958
0.314173
