0.00616441
0.0300489
0.526638
0.933553
0.968225
0.969791
0.714057
0.399027
0.0935661
0.930196
0.898128
0.659841
0.259847
0.870235
0.784278
1.55544e-06
0.984095
0.209068
0.981787
0.365722
0.999759
0.015178
0.872633
0.00619588
0.941395
0.0940866
0.416979
0.697771
0.997634
0.996513
0.00437667
0.999952
0.669892
0.986864
0.677514
0.490801
0.124238
0.815376
0.999369
3.68643e-05
2.95794e-05
0.99973
0.423384
0.00158597
0.368957
0.993386
0.915167
0.445724
0.737966
0.788316
0.143447
0.995645
0.234136
1.34636e-05
0.0219687
0.848392
0.547658
0.986851
0.490004
0.962848
0.924738
0.737974
0.355242
0.918296
0.927596
0.99988
0.00549979
0.993376
0.0722688
0.910056
0.996664
0.000257157
0.549696
0.48452
0.67467
0.013598
0.957477
0.805894
0.746753
0.97149
0.996229
0.567352
0.900515
0.580642
0.763907
0.992133
0.803099
1
0.184943
0.0216111
0.323811
0.28839
1.58863e-06
0.791376
0.98929
0.0155411
0.000148612
0.998542
0.248348
0.82101
0.0222495
0.445963
0.816907
0.875539
0.239104
0.372512
0.999112
0.89873
0.266303
0.000574977
0.175773
0.00170749
0.633598
0.14283
0.1162
0.256676
0.0850639
0.812493
0.742793
0.996474
0.979752
0.303671
0.592266
0.608362
0.28532
0.989027
0.716726
0.846695
0.999044
0.341702
0.357196
1
0.365396
0.0116703
0.919297
0.944813
0.758746
0.563082
0.461638
0.1217
0.415452
0.484164
0.999847
0.985924
0.000259652
0.987515
0.999223
0.00533546
0.365451
0.989496
0.0267146
0.00056749
0.000437319
0.985903
0.832757
0.0804699
0.10596
0.806261
0.00284142
0.939355
0.274444
0.974963
0.998366
0.0627389
1.64302e-07
1
0.748589
0.993724
0.206866
0.218876
0.134985
0.949025
0.332204
0.381348
0.53476
0.765812
0.368071
0.000941826
0.883379
0.565573
0.943999
0.860076
7.78723e-10
0.918258
0.657585
0.958476
0.256329
0.992986
0.0783105
0.428052
0.179741
0.849075
0.085908
0.00203854
1
0.888341
0.765777
0.0177891
0.355112
0.0707223
0.285778
0.999843
0.994956
0.285053
0.980358
0.0788834
0.149907
0.997453
0.552587
0.959259
0.8908
0.990548
0.318244
0.970603
0.293288
0.932401
0.193608
0.499916
8.34909e-08
0.994099
0.313382
0.227312
0.79381
0.0021779
0.437312
0.000532414
0.180311
0.0125066
0.0560688
0.315494
0.000494869
0.366377
1
0.240331
0.794583
0.825765
0.985848
0.523374
0.00623883
0.252384
0.652197
0.810616
0.065986
3.58129e-05
0.830354
0.0405229
0.951837
0.111914
0.210008
0.00465704
0.544245
2.2373e-05
0.000275113
0.91487
0.894721
0.0800253
0.253352
0.0211359
8.35939e-07
0.999955
0.0526044
0.007458
0.999628
0.999082
0.864474
0.69025
3.59414e-12
0.999706
0.00260564
0.885709
0.999732
0.000724476
0.921037
0.333348
0.831665
0.592029
0.988789
0.781623
0.163142
0.021178
0.990589
0.989323
0.0591049
0.999878
0.636389
0.879366
4.87327e-06
0.99938
9.01399e-08
0.993861
0.289642
0.681876
0.999937
0.323505
0.846726
0.319728
0.98214
0.0157654
0.999983
0.750668
0.000319314
0.998574
0.999996
0.997563
0.993442
0.881285
0.930558
0.657524
0.986745
0.984845
0.981262
0.584739
0.943241
0.160725
0.922542
0.987777
0.732237
0.00362785
0.364521
0.0722608
0.906728
0.911548
0.445523
0.0518215
0.00536658
0.290349
0.8026
0.831285
0.180614
0.454108
0.00552244
0.00225437
0.0130999
1.53041e-06
8.68595e-06
2.98167e-06
0.0533507
0.58572
0.460286
0.997424
0.694889
0.809763
0.9983
2.30815e-06
0.814499
1
0.381566
0.00139337
0.000319421
0.00136488
0.121069
0.262909
0.652649
0.820608
0.47443
0.000403085
0.431094
0.760973
0.904984
0.997929
0.980031
0.922308
0.206648
0.857311
5.16254e-10
0.40689
0.771371
0.822221
0.775374
0.663636
0.298206
0.0493283
0.00229013
0.00354795
0.999147
0.289998
0.0274014
0.457693
0.19811
0.999917
0.790236
0.845528
0.90797
0.00435954
0.331358
2.38698e-05
0.15078
0.0692394
0.790194
0.451394
0.96278
0.0207933
0.00128276
0.935974
0.824728
0.121471
0.437562
0.0445889
0.0123212
0.999258
3.62666e-07
0.955889
0.0119748
0.965982
0.353826
0.881473
0.987631
0.856086
0.999422
0.53706
0.564651
0.181412
0.642429
6.21272e-05
0.206709
0.550307
0.977155
0.997649
0.997588
0.50439
7.59342e-05
0.242499
0.000128716
0.75038
0.666267
0.00547931
0.882854
0.66543
0.719995
0.890254
0.000957208
0.986595
0.865672
0.700388
0.185036
0.914501
0.0608086
0.603409
0.844739
0.970724
0.00059701
0.608293
0.479193
0.693938
0.999995
0.956409
0.0694149
0.277208
0.00197449
0.909285
0.534669
0.0935913
0.0207017
0.866971
0.974067
0.563439
0.62677
0.942053
0.000199427
0.993595
1.26161e-06
0.00220526
0.538394
0.80522
0.0029508
0.0203784
0.525652
0.19275
0.00214628
0.976412
0.00533106
0.963568
0.00378921
0.0145888
0.87727
0.380107
0.0884578
0.999903
0.000525418
0.218434
0.0962399
0.997884
0.821324
0.505244
0.0142855
0.848966
0.803198
0.208064
0.987816
0.999929
0.999854
0.00228194
1.35167e-05
0.80159
0.000788554
0.00333065
0.937037
0.251234
0.953261
0.96544
0.336821
0.211011
0.819724
0.620506
0.204349
0.000448744
0.267168
0.992315
0.533315
0.946139
0.91622
0.769203
0.938415
1
0.838721
0.519266
0.135785
0.0160557
0.0115151
0.993028
0.341554
0.0701159
0.0251489
0.99978
0.0418231
0.996159
0.964573
0.0173839
0.601892
0.000242145
0.00777244
0.0292791
0.489823
0.992448
0.990384
0.684019
0.00517187
0.385639
0.998492
6.71784e-06
0.406509
0.00275486
0.442281
0.97203
0.999392
0.999869
0.0627126
0.0129815
1.40612e-09
0.998368
0.983094
0.592676
0.00434986
0.446171
0.14375
0.652609
0.399181
1.05667e-08
0.0151779
0.882179
0.233078
0.989477
4.66686e-05
0.212405
0.300628
0.999867
0.999864
0.456035
0.163015
0.706492
0.448739
9.39616e-05
0.000399114
0.652855
0.000453404
0.81502
0.565185
0.0191421
0.520023
0.988306
0.00257387
0.57877
0.954464
0.00629979
0.0010361
8.13364e-06
0.964114
0.121079
0.888866
0.0156393
0.381565
3.90779e-06
0.0900891
0.271066
0.762567
0.670057
0.509292
0.647247
0.000163618
0.417845
0.0163327
0.976084
0.96289
0.901651
1
0.986632
0.993632
0.000641696
0.315027
0.953394
0.387318
0.0530211
0.464841
0.000500449
0.951867
0.00365924
0.235787
0.0040245
0.0127425
0.950617
0.996535
1
0.356182
0.432542
0.754184
0.0131856
0.0320448
0.362203
0.00135047
0.95906
0.00909069
0.99945
0.0905855
0.00216466
0.982907
0.000842021
0.263102
6.43013e-05
0.00830862
0.996801
0.604284
0.952056
0.00120664
3.00058e-05
0.978456
0.955589
0.999965
0.824453
0.107733
0.761585
0.720029
0.870498
0.0195282
0.00422905
0.00750106
0.999884
0.0982389
0.00357956
0.583032
0.0296069
0.907255
0.999232
0.0218578
0.986049
0.921977
0.989292
0.360611
0.999826
0.672795
0.0984951
0.60109
0.796064
0.0290077
0.65907
0.997214
0.000509477
0.000134996
0.0480708
0.0195152
0.00479261
0.985857
0.704272
0.0262832
0.00557447
0.991512
0.23674
0.976248
0.00937103
0.0224406
0.238109
0.114216
0.000246498
0.000512579
0.568774
0.000891309
1
0.800951
0.999888
0.998838
3.93396e-05
0.408262
0.669634
5.32493e-05
0.954482
0.999931
0.0271866
0.914071
0.00242256
0.856413
0.871815
0.981955
0.179219
0.114313
0.999964
0.913239
0.93578
0.149024
0.963693
0.999944
0.231332
0.423696
0.220454
0.928725
0.999896
0.249776
0.974177
0.0854633
0.000114589
0.98522
0.816421
0.0620847
0.0599679
0.0315291
0.764115
0.061314
0.89479
0.720481
0.98532
0.237426
0.0618279
0.842813
0.842217
0.0222519
0.0522056
0.991248
0.452458
0.956517
0.0171552
0.483547
0.997872
0.000593817
0.995307
0.202413
0.00377689
1
0.98397
1.05565e-05
0.164714
0.886532
0.999997
0.997853
0.865547
0.99934
0.378337
0.993585
3.05053e-05
0.675666
0.0152838
0.885089
0.979103
0.941813
0.00501018
0.999989
0.882058
0.990665
0.000993762
0.962589
0.59585
0.168203
0.986783
0.207413
0.363231
0.00017756
0.97959
0.873922
0.56056
0.403421
0.0992924
0.982654
0.951776
0.00167127
0.984146
0.711999
2.23183e-07
0.973029
0.850791
0.0271546
0.406442
0.927638
0.929573
8.4017e-05
0.00743785
0.040125
0.0100753
0.0847738
0.241302
0.0156875
0.999462
0.00177206
0.999875
0.999269
0.438924
0.712902
0.997716
0.581419
0.95789
0.657145
0.959212
0.57765
0.993962
0.0242085
0.999447
0.019567
0.6958
0.0109869
0.999694
0.742225
0.312739
0.798222
0.29943
0.263865
0.226571
0.369429
0.289157
0.724122
0.994934
0.354967
0.41428
0.000991953
0.22844
0.833955
0.774826
0.995037
0.144224
0.560142
0.905918
0.866496
0.883714
0.165557
0.994264
1
0.999924
0.975483
0.0623899
0.215228
0.791361
0.860892
0.148721
0.303428
0.160422
0.90196
0.736304
0.996502
0.642988
0.0164857
0.00704172
0.529716
0.639456
4.52628e-05
0.329089
0.471297
0.997656
1
0.215355
0.454762
0.77525
0.844264
0.754797
0.914696
0.15829
0.000377038
0.330961
0.829859
0.536076
0.719834
0.00187648
0.111655
0.179177
0.996698
0.02766
0.94064
0.387589
0.973608
0.817043
0.00992836
0.995907
0.000568103
5.33086e-05
0.683229
0.937904
0.679148
0.00877042
0.0238874
0.53674
0.550358
0.0777977
0.838655
0.889337
0.199756
0.635863
0.141812
0.561335
0.901595
0.00413548
0.380098
0.0416357
0.0199065
0.701818
7.83581e-06
0.307233
0.000132453
0.040308
0.473843
0.123535
0.972929
0.919706
0.980475
0.279812
0.025374
0.026453
0.861155
0.256651
0.0209198
0.703578
0.479553
0.0642898
0.959932
4.31463e-06
0.102144
0.999561
0.992209
0.709867
0.998554
0.00110697
0.96534
0.34198
0.899065
0.815616
0.999335
0.337565
0.976472
0.0204414
0.00240415
0.429466
0.935493
0.989637
0.000216894
0.0685094
0.439538
3.81006e-11
0.00638313
0.982868
0.00183839
0.000246098
0.0940946
0.714761
3.08444e-05
0.0139467
0.0899829
0.964361
0.00907769
1.87123e-10
0.526474
0.998374
0.172916
0.175755
0.237757
0.999832
0.40373
0.00532814
0.997861
0.00801329
0.867508
0.507659
0.00805632
1.00749e-05
0.610093
0.993013
0.284839
0.976377
0.12941
0.683181
0.144808
0.999956
0.80976
0.979033
0.00145639
0.552806
0.142624
0.0131325
