0.809022
0.999928
0.410354
0.00108928
0.0694961
0.138837
0.834207
0.93547
0.923315
0.000289992
0.999858
0.0445455
0.990942
0.14282
0.423657
0.983378
0.000127385
0.167295
0.965784
0.197715
0.408801
0.798219
0.953847
0.965641
0.0016026
0.609712
0.127727
2.13901e-05
1.33247e-05
0.885876
0.923283
0.758329
0.0393109
0.0291836
0.0195875
0.0173049
0.410761
0.93717
0.309515
0.415869
0.751086
0.997413
0.88266
0.799793
0.996534
0.0314547
0.330558
0.393515
0.963278
0.0280849
0.375667
0.0619832
0.00075265
0.0794231
0.386053
0.668167
0.159478
0.31722
0.72825
0.0195883
0.990008
0.113323
6.82171e-06
0.51477
0.323525
0.83864
0.333372
4.8611e-08
0.977746
0.936318
0.199848
0.935455
0.973869
0.952543
0.97334
0.000920774
7.39169e-06
0.999973
7.81994e-05
0.603529
0.220977
0.733848
0.000126276
0.645107
7.97826e-05
0.0144667
0.847301
0.0112467
0.0437619
0.000289472
0.149097
0.197267
2.51093e-06
0.000137122
0.000681184
0.797959
0.344877
0.420316
0.0123269
0.109639
0.455985
3.60808e-09
0.892033
0.991332
0.026894
0.200745
0.899314
0.314478
0.987626
0.814442
0.000182553
0.433226
0.00500013
0.903677
0.265523
0.832561
0.0638591
0.605499
0.959667
0.387955
0.94213
0.884608
0.999406
0.996695
0.00264905
0.667762
0.734278
0.437961
0.783032
0.476687
0.595726
0.499267
0.931314
0.0151891
0.172541
0.999988
0.276402
0.826705
0.24239
0.999993
0.826395
0.338791
0.996125
0.934335
0.000296317
0.909772
0.989225
0.990317
0.978999
0.997971
0.99652
0.577215
0.96232
0.504413
0.881667
0.788707
0.279583
0.200454
1
0.117607
0.969699
0.0652195
0.332027
0.785491
0.707237
0.00376788
0.0015413
0.415029
0.0749513
0.205162
0.456608
0.994797
0.544659
0.998311
0.252499
0.0793076
0.988202
0.417964
0.0590123
0.134536
0.601945
0.617094
0.00681379
0.34204
0.999944
0.841711
0.00104914
0.813957
0.617025
0.534915
0.0265165
0.882533
0.480053
0.713502
0.330738
0.910487
0.00129207
0.918391
0.985173
1.00287e-06
0.993124
0.999962
0.990197
8.65991e-05
0.490752
0.724283
0.633928
0.773927
0.000607867
0.896552
0.999681
0.185302
0.551146
0.515791
0.182186
0.376842
0.984371
0.32579
0.769286
0.31741
0.000570256
0.504807
0.000319514
0.998056
0.0950262
0.97073
0.84721
0.841414
0.998371
0.993976
4.23513e-06
0.989128
0.604768
0.983381
0.539555
0.663205
0.0172835
0.000849769
0.337433
0.00111049
0.104047
0.919656
0.299462
0.90755
0.134496
0.727589
1.16275e-05
0.0757964
0.890652
0.872129
0.30908
0.669351
0.000222569
0.000827153
0.840943
0.993671
0.99999
0.772003
0.0162218
0.911798
0.66946
0.000227656
8.88333e-06
0.0779395
0.990907
0.133101
0.675839
0.779829
0.00490587
0.999354
0.999904
2.53901e-05
0.999564
0.999966
0.959744
0.00014282
0.942681
0.174957
0.96321
0.00617391
0.995656
0.30539
0.606671
0.0273082
0.397078
0.808792
0.291933
0.854424
0.863624
0.964964
0.989585
0.0145475
0.476865
0.918203
0.0284736
0.0278413
0.0240052
0.45071
0.511606
0.0358969
0.999705
0.00302437
0.026248
0.00605745
0.993284
0.649717
2.85858e-06
0.565201
0.0017805
0.360608
0.621203
0.999346
0.90075
0.351032
0.997069
0.989645
0.521392
0.00430922
0.354196
0.999941
0.0563217
0.996558
0.773941
0.999363
0.0103056
3.98344e-08
0.00011734
0.0978165
0.00838937
0.574629
0.00158233
0.210288
0.241615
0.00350453
0.00780606
0.000804788
0.967002
0.357111
0.703023
0.994472
0.0391637
1.79697e-06
0.107567
0.672812
0.961403
2.38679e-05
0.998757
0.927396
0.873106
0.000387741
0.541553
0.988099
0.751554
0.990074
0.162091
0.156489
0.166587
0.63274
0.413111
0.704901
0.0246639
0.192465
0.928253
0.459923
0.651322
0.609708
0.987401
1.43911e-05
0.584715
0.800461
0.98942
0.980992
0.0531606
0.999996
0.431451
0.859212
0.0218088
0.997704
0.547018
0.0540633
0.0970645
0.133711
0.98455
0.96314
0.000518813
0.986777
0.974551
0.997047
0.0403828
0.510624
0.565213
0.645831
0.998617
0.859049
0.996885
0.996055
0.570997
0.00710082
0.635143
0.965244
0.957942
0.668337
0.874826
0.987016
0.107023
0.117648
0.109688
0.61728
0.309522
0.0388041
0.999186
0.963715
0.023621
0.00242743
0.002886
0.986395
0.456119
0.393841
0.00796546
0.581194
0.0935983
0.00665619
0.997169
0.984994
0.992521
0.894139
1.26696e-09
0.743659
0.996233
0.998353
0.235373
0.710377
0.00208439
1.17449e-05
0.512678
0.0463778
0.888947
0.98961
0.103135
0.997472
0.929735
0.173458
0.998851
0.00674634
0.816716
0.534091
0.949191
0.996628
0.982472
0.367003
0.954581
0.0211498
0.944521
0.997037
0.0175218
0.133864
0.632954
0.97997
0.985483
0.00151888
0.999975
0.00484071
0.999548
0.852706
0.0182078
0.0335146
0.983699
0.656258
0.399895
0.315163
7.00914e-10
0.371097
0.556163
0.449158
0.118763
0.952
0.423952
1.09571e-06
0.863442
0.156929
0.00617626
0.991241
0.654967
0.567796
0.999246
0.118501
0.15771
0.951536
0.959229
0.995182
0.980534
0.00169323
0.876091
0.996972
0.999995
0.0989311
0.583725
0.980738
0.0953307
0.998624
0.954306
0.584913
0.893272
0.139492
0.352557
0.714318
0.0180307
0.0203881
0.311904
0.81537
0.991273
0.638564
0.733759
0.96057
0.999895
0.997129
0.00210864
5.35775e-05
0.147067
2.61462e-08
0.404113
0.123749
0.0115705
0.53794
0.0408737
0.894258
0.059881
0.000368027
0.901266
0.800429
0.252813
0.999912
0.00112614
0.0478503
0.237373
4.13062e-05
4.69764e-06
0.758065
0.970647
0.739924
0.593743
1.23396e-05
0.999979
0.474041
0.889465
0.109526
0.790496
0.164441
0.149421
1.79557e-06
0.105755
0.0150674
0.796926
0.70786
0.383301
0.000439498
0.527424
0.00451878
0.544748
6.77911e-06
0.600273
0.00509055
0.98843
0.0693456
0.0553413
0.0147674
0.485452
0.0144501
0.959568
5.62133e-08
0.848363
0.980131
0.0018913
0.976165
0.198641
0.886011
0.754524
0.816423
0.92173
0.0147405
0.491573
0.386881
0.837434
0.999428
0.24871
0.548027
0.680088
0.96321
0.0418284
0.920739
0.50677
0.731008
0.660025
0.340423
0.808262
0.948469
0.402426
0.693214
0.20093
0.000827409
0.151485
0.92822
0.000181291
0.88323
0.942333
0.6589
0.794089
0.569237
0.99336
0.963901
0.000121305
0.425497
0.00439961
0.819233
0.0155564
0.000528751
0.999959
0.999569
0.960186
0.780349
0.397634
0.955423
0.975379
0.930249
0.302686
0.196914
0.310365
0.0339577
0.976696
0.00719814
0.797009
0.402539
0.966152
0.370759
0.902595
0.173435
1.0966e-05
0.0484232
0.772441
0.990135
0.99998
0.536315
0.996109
0.400156
0.457983
0.000168698
0.936079
0.213373
0.00342632
0.00350026
0.00408244
0.820157
0.335243
0.999489
0.994449
0.717251
0.063685
0.994936
0.997036
0.989563
0.359261
0.994062
0.651576
0.0125931
0.494177
0.00120566
0.47939
0.572271
0.883505
0.999999
0.34607
0.593662
0.999854
0.815152
0.0314761
0.0895544
0.323561
3.03535e-07
0.981022
0.000744815
0.700245
0.58705
0.734854
0.909419
0.92178
0.998808
0.999071
0.0523487
0.976457
0.771254
0.160124
0.493873
0.764434
0.000894784
0.279534
6.93757e-06
0.429133
0.0010122
0.359573
0.171972
0.900007
0.877185
0.956621
0.999922
0.61404
0.820945
0.999676
1
0.00295734
0.21475
0.156678
0.944148
0.00554922
0.853607
6.20865e-06
0.964753
0.743319
0.829121
0.99964
0.998095
0.100573
0.804185
0.89702
0.90262
0.524538
0.00778923
0.922746
0.239866
0.000599155
0.388008
0.000914785
0.0123758
0.229796
0.913052
0.955964
0.559285
0.901565
0.00108512
0.000639872
0.627027
0.777229
0.427492
0.000228525
0.998536
0.784144
0.998136
0.258441
0.32355
0.997605
0.0140702
0.797987
0.26884
0.969095
0.423371
0.541388
1.98632e-05
0.197595
0.692282
0.723544
0.135868
0.550629
0.876946
0.929205
0.999983
0.999896
0.845336
0.658368
0.0977789
0.523929
0.994289
0.999826
0.000434271
0.0171687
0.370274
0.933696
0.987103
0.0855552
0.190307
0.625886
0.00106348
0.765474
0.0282485
0.15135
0.172597
0.518368
0.504643
0.899227
0.403219
0.0667806
0.768796
0.977941
0.87493
0.918842
0.306317
3.05381e-07
0.499968
0.518001
0.907169
4.69976e-06
2.92881e-06
0.540404
3.57089e-06
0.0637744
0.408419
0.96172
0.992174
0.455777
0.800515
0.990864
0.999886
0.992794
0.921461
0.512176
0.484253
0.749624
8.59651e-05
0.619592
0.00590878
0.970728
0.549284
0.711932
0.471216
0.999698
0.999996
0.292415
0.00787437
0.99995
0.329889
0.34099
0.977234
0.548026
0.544399
0.926917
0.00593522
4.29481e-06
0.53734
0.321062
0.828351
0.000498249
0.928212
0.000566694
0.793595
0.853958
0.911527
0.889274
0.984814
0.166234
0.373695
0.937736
0.996019
0.942688
0.870726
0.0302266
0.999864
0.652796
0.123905
0.99994
0.001994
0.181994
0.335171
0.992381
0.999934
0.0776634
0.71446
0.939846
0.988503
0.489775
6.94721e-05
0.9892
0.85879
0.975901
0.000416141
0.888294
0.664998
0.00925476
0.580238
0.0191569
0.238197
0.605517
0.330707
2.39111e-05
0.447287
0.0891064
0.0216347
0.000354703
0.979648
0.641726
0.609632
0.944945
0.000755015
0.28276
0.0217546
0.376757
0.156829
0.983541
0.304939
0.742543
0.989409
0.197898
0.562413
0.999323
0.606645
0.416012
0.692255
0.0414393
0.00151283
0.999393
0.930931
0.976329
0.441175
0.999983
0.995911
0.0323601
0.676343
0.770465
0.087471
0.99906
0.00848175
0.20756
0.00119194
0.70253
0.277963
0.690539
0.00188173
0.812618
0.577897
0.0855202
0.392387
0.196635
0.60003
0.237562
0.958151
0.992971
0.0724504
0.999998
0.989685
0.00197636
0.999999
0.074227
0.348653
0.0172893
0.0708868
0.421264
0.0814003
3.45262e-08
0.654637
0.277823
0.965725
0.0225966
0.556142
0.914039
0.999586
0.000823797
6.02024e-06
0.555691
0.990152
0.974035
0.338314
0.992345
0.998878
1
0.983432
1.10195e-05
0.446762
0.000189263
0.999842
0.580608
0.878955
0.932657
0.165914
0.358568
0.992814
0.00121566
0.99523
0.0180885
0.000862524
0.88056
0.00220411
0.963913
0.990144
0.141871
0.471591
2.0795e-11
0.819895
0.81242
4.35854e-05
0.152193
0.118003
3.06796e-06
0.75858
0.0456036
0.703168
0.450712
0.491277
0.819693
0.0237706
1.99123e-09
0.42619
0.0559337
0.0447412
0.585609
0.956454
0.987596
0.880285
0.000849888
0.983534
0.803149
0.00216486
0.000226865
0.0385749
0.998787
0.104498
0.0114466
0.00659555
0.068148
0.383417
0.999997
0.00210275
0.771885
0.610294
0.00504129
0.000511897
0.405729
0.0573815
0.0227488
0.726641
0.0207273
0.977956
0.00039775
0.943795
0.0895244
0.597944
0.981435
0.887102
0.974855
0.0250669
0.680841
0.690195
0.000785055
0.0359431
0.21905
0.841025
0.999995
0.566629
1
0.00194131
0.0916246
0.0103954
0.435724
0.878674
0.00802702
0.0804115
0.984947
0.999984
0.998582
0.800252
0.000919895
0.797323
0.0295648
0.0089587
0.514861
0.999894
0.00504258
0.967623
0.319993
0.497613
0.507389
0.00100936
4.94235e-05
0.153508
0.00108033
0.50927
0.011946
0.992048
0.0303696
0.7675
1.9725e-06
4.68265e-05
0.764204
0.9854
0.999976
0.0110214
0.970333
1.03295e-08
0.290567
0.72437
0.996148
0.417074
0.98819
0.202076
0.137472
4.62826e-08
0.998734
0.848182
0.420427
0.510145
0.00185665
0.980589
0.997065
0.121082
0.000380863
1.81526e-05
0.999326
0.000630739
0.766338
0.790936
0.617592
0.981181
0.00384706
0.0136476
0.964645
0.79665
0.00121825
0.0276379
0.00480607
0.920893
0.0554202
0.831738
0.0397057
0.0403711
8.58818e-05
0.813836
0.933623
0.00122663
0.999001
0.945068
0.00617862
0.652667
0.910146
0.99028
0.998765
0.0376616
0.301771
0.637103
0.0219955
1.06496e-05
0.98247
0.601078
0.940927
0.999767
0.912521
0.361835
0.00183583
0.449225
0.785538
0.000232541
0.251232
0.346533
0.935253
0.00061931
0.983847
0.0438177
0.00307448
0.215289
0.650093
0.102639
0.984262
0.866272
0.414078
0.938141
0.951803
0.000731798
0.0347559
0.697235
0.23426
0.983757
0.590242
0.936251
0.81877
0.486474
0.372002
0.991986
0.694772
0.922947
0.389553
0.000236605
0.00124996
0.81545
0.999386
0.581804
0.999606
0.988168
0.0120368
0.000406991
0.478659
0.215989
0.133114
0.000121873
0.0914001
0.0628531
0.00508833
2.61238e-05
0.995362
0.149485
0.127994
2.08565e-05
0.134425
0.890803
0.6686
0.975903
0.990478
0.000550363
0.000105852
0.975828
0.610173
0.388064
0.999983
0.174483
0.664505
0.847511
0.650112
0.973959
0.0889508
0.0354869
0.457327
0.802048
0.936754
0.30146
0.000113791
0.849933
0.999839
0.0134575
0.09698
0.841166
0.026233
0.980899
0.771727
0.682186
0.199293
0.9139
0.99929
0.859842
0.219218
0.999982
0.00433778
0.95161
0.609857
0.482145
0.989054
0.999041
0.999999
0.98372
0.115688
0.92392
0.0133457
0.962111
0.968256
1
0.770204
0.999698
0.970529
0.111643
0.738039
0.991366
0.570397
0.0958509
0.54467
0.969652
0.338134
0.186628
0.0883166
0.462597
0.999996
0.999851
0.0318026
0.968157
0.999976
0.000500628
0.928534
0.994204
0.196807
0.0660593
1
0.000254591
0.689316
0.451865
0.996826
0.673642
0.896847
0.0961046
0.915273
0.824331
0.00624885
0.0419547
0.680924
0.14211
0.999217
0.669539
0.992844
0.232572
0.0934962
0.00213693
1.78415e-05
0.432093
0.665034
0.00477608
0.337395
0.985021
0.626172
0.00108361
0.0116156
0.00114496
0.819289
0.999797
0.375611
0.519134
0.549436
0.329473
0.19515
0.897223
0.9998
0.99339
0.485678
0.912306
0.999998
0.926482
0.0110285
0.193489
0.00858562
0.988113
0.740415
0.999602
0.550073
0.0115063
0.00150381
0.992995
0.994785
0.0033178
0.947723
0.311166
1
0.995409
0.0645155
0.0013706
0.999993
0.0498138
0.0844108
0.996252
0.0099181
0.703953
0.780931
0.998703
0.397517
0.956011
0.171993
0.869364
0.72043
0.0231917
0.805981
0.785226
0.0666802
0.392863
0.983894
0.565891
0.947968
0.00709309
0.000199824
1.26257e-07
0.385558
0.999287
0.597593
0.554682
4.64959e-05
0.99999
0.99945
0.137626
0.0651853
0.00110132
0.679077
0.011448
0.980529
0.955793
1.25788e-05
0.458351
0.947166
0.981836
0.90389
0.766465
0.998632
0.355392
0.793828
0.447368
0.117699
0.890189
0.722191
0.531493
0.998848
0.67556
0.905047
0.0787957
0.181199
0.0393681
0.570537
0.561626
0.00667091
0.107363
0.934453
0.254483
0.744134
0.0461625
6.25228e-07
0.824792
0.9446
0.618468
0.880522
0.221679
0.488531
0.964167
0.481526
0.0756316
0.333624
0.82408
0.966877
0.0537817
0.490755
0.898501
0.144467
0.0740094
0.00356221
0.882432
0.980968
0.484928
0.595569
0.734805
0.979091
0.894045
0.994387
0.863581
0.0195171
1.75278e-06
0.961723
0.000810611
0.799701
0.105822
0.70294
0.00654577
0.997212
0.999951
0.600214
0.884394
0.179964
0.00640071
0.265615
0.612191
0.844553
0.80415
0.995096
0.863476
0.994544
0.50981
0.999992
0.0390556
0.0020929
0.0217923
0.872238
0.819764
0.776311
0.387464
0.979118
0.884404
0.00511734
0.137659
0.99863
0.000602356
0.869619
0.00276273
0.567567
0.971485
0.0957844
0.41511
0.999321
0.840518
0.0752095
0.943553
1.1881e-07
0.985798
0.657437
0.0329632
0.941043
0.998376
0.835121
0.99967
0.00181066
0.997121
1.4402e-05
0.993703
0.925946
1.8573e-09
0.67049
0.953399
0.601541
0.750702
0.999949
0.000688453
0.695347
0.725332
0.633671
0.795127
0.982703
0.012384
0.963866
0.00082976
0.408003
0.72327
0.236141
0.776051
0.00697272
0.546513
0.854658
0.0028233
0.00011341
0.927164
0.0136314
0.993095
0.000712898
2.05571e-05
0.208747
0.0032774
0.99856
0.901397
0.943937
0.0115057
0.336657
0.763923
1
0.10431
0.936196
0.853003
0.209045
0.985975
0.507312
1
0.984547
0.596777
0.970721
0.000766394
0.985993
0.0167164
9.25322e-05
0.976986
0.24868
0.323935
0.329654
0.99358
0.365401
0.0272246
0.0401073
0.514185
6.28777e-05
0.993837
0.0307742
0.722737
0.875125
0.795578
0.655521
0.998073
0.0183502
0.111364
0.660601
0.000307579
0.179706
0.0238425
0.73294
0.0115335
0.902842
0.0145245
0.283003
0.182623
0.997242
2.42782e-05
0.998293
0.766484
0.867009
0.992591
0.0298287
0.034747
0.00390406
5.93e-05
0.00694575
0.999735
0.0500709
0.0889949
0.00344637
1.20538e-06
0.37179
0.726464
0.0435814
0.990685
0.300652
0.919264
0.135604
0.741062
0.713338
0.310972
0.97548
0.121491
0.538085
0.544293
0.00234004
0.976331
0.99731
1.49068e-06
0.322504
0.950287
0.999979
0.255324
0.999239
0.943287
0.979227
0.265029
0.977657
0.315913
0.999892
0.0130086
0.00652578
0.613604
0.700116
0.173345
0.99579
0.0686533
0.971144
0.0934083
0.970537
0.644933
0.995738
0.999963
0.127412
0.979904
0.5271
0.999912
7.17079e-05
0.68196
0.365991
0.547549
0.095327
0.249425
0.940798
0.291816
0.920388
0.582189
0.199495
0.892708
0.881568
0.867385
0.788005
0.999982
2.43292e-07
0.962739
0.783776
0.894318
0.944831
0.610397
0.00590266
0.000205108
0.962437
0.986074
0.98201
0.915068
0.557496
0.808245
0.672903
0.964119
0.000769826
0.00222329
0.949415
0.598039
0.954204
0.977834
0.0121752
0.779297
0.948411
0.864527
0.000773803
0.0574739
0.417088
0.716829
0.966531
0.91269
0.812417
0.255724
0.913281
0.12328
0.371556
0.484501
0.00561043
0.682561
0.990931
0.513812
0.0599594
0.344238
0.935026
0.0817477
0.745818
1.1288e-05
0.480245
0.00229606
0.359563
0.846026
0.733531
0.998147
0.995799
0.719983
0.838144
0.999884
0.751794
0.999094
0.714732
0.00987681
6.10314e-05
0.906882
0.160919
0.0926672
4.70448e-05
2.62653e-07
0.943366
0.636596
0.308251
0.77941
0.61676
0.589345
1.22631e-06
0.896504
0.133017
3.75706e-05
0.990539
0.380802
0.981954
0.976304
0.395819
0.249534
0.061788
0.910254
0.00866929
0.0724002
0.224505
0.560545
0.793716
0.996169
9.30477e-05
0.0152569
0.120129
0.975968
1.14707e-06
0.994352
0.989266
0.0488265
0.658726
0.372934
0.999991
0.110395
0.05097
0.431201
0.999997
0.989106
0.127097
0.662327
0.000435049
0.571772
0.994981
0.952757
0.224489
0.999592
0.999871
0.990494
0.0116086
0.00428193
0.768584
0.200951
0.603208
0.0742851
0.936194
0.271482
0.887617
0.745912
0.983123
0.921644
0.902353
0.952041
0.995815
0.663059
0.000245732
0.170303
0.0042009
0.0299503
0.890467
0.994984
0.999624
0.742194
0.000787618
0.383204
0.765081
0.000231221
0.00332684
0.5424
0.0294088
0.168018
0.569938
0.998928
0.0390176
0.516404
0.628328
0.960493
0.488398
0.998216
0.0015448
0.999987
0.999952
0.0183119
4.41801e-05
0.998575
1.85137e-07
0.976916
0.965631
0.513656
0.858389
0.140922
0.618949
0.77663
0.212572
0.0393214
0.434018
0.930235
0.999985
0.221736
0.930778
0.999428
0.041518
2.79953e-07
0.999958
0.00317851
0.691629
0.542923
0.0145548
0.023528
0.0130565
0.573909
0.747898
0.999683
0.00920553
0.359985
0.127487
0.959901
0.960643
0.394931
0.113945
0.000636156
0.805665
0.326407
0.998916
0.21116
0.999999
0.0387136
0.927844
0.984067
0.890107
0.163333
0.319011
0.000334365
9.07434e-06
0.264472
0.998975
0.998453
0.00317831
0.516899
0.935561
0.666511
0.885723
5.74011e-07
0.999999
0.562852
0.309916
0.000158106
0.910391
0.639473
0.0606202
1.33389e-08
0.98802
0.0224154
0.919885
0.24312
0.000985664
0.93568
0.999991
5.96883e-07
0.0401594
0.906318
0.305845
0.225593
0.189655
0.950428
0.0507076
0.942052
0.280281
0.766777
0.952131
0.467455
0.0206633
0.253841
0.13492
0.977863
0.888369
0.99394
0.776916
0.926378
0.0798469
0.444385
0.999923
2.52658e-06
0.0746242
0.999968
0.848628
0.751593
0.965659
0.0441414
0.663145
0.939096
0.0168606
0.636353
0.445683
1.09255e-07
0.000296311
0.681936
0.999569
0.430547
0.839611
0.013631
0.858005
0.000772055
0.212999
0.828361
0.771419
0.00016517
0.609462
0.960621
0.899234
0.936761
0.411545
0.468394
0.581982
0.949118
0.926878
0.707303
0.198681
0.772327
0.217457
0.665253
0.954658
0.00160917
0.975664
0.0872078
0.00229782
0.587009
0.718082
0.144536
0.978589
0.999967
2.0214e-05
0.978496
9.38389e-05
0.676496
0.37057
0.0308743
0.416388
6.08779e-09
0.0514767
0.503423
4.29065e-06
0.00040694
0.00629541
0.136433
0.54006
0.776652
0.340059
0.977726
0.297549
0.181946
0.882786
1.24198e-06
0.6002
0.999918
0.933108
0.981778
0.634501
0.678108
0.249583
0.00210039
0.998557
0.0580065
1.83322e-05
0.273758
0.353731
0.517567
0.999985
0.995246
0.0570522
0.938876
0.999916
0.00755333
0.00214087
0.0762146
0.796634
0.0665247
0.870649
0.993527
0.133898
0.999981
0.357125
0.813335
6.9721e-06
0.00220039
0.900196
0.000483906
0.112478
0.0027674
0.657806
0.4701
0.628366
0.777041
1
0.00618955
0.000250428
0.0275881
0.994912
0.0634755
0.957997
0.225073
0.763014
0.693058
2.43827e-07
0.230917
0.568037
0.999963
0.999998
0.544957
0.166212
0.223091
0.691294
0.0870055
0.985476
0.000522509
0.876395
0.572989
0.319203
0.322669
0.999959
5.87915e-12
0.0126884
0.230594
0.383037
0.945772
0.991767
0.750946
0.140541
0.0128591
0.000574605
0.828615
0.0188114
0.902449
8.46396e-06
0.865018
0.563914
0.175215
0.986573
2.11876e-05
0.196736
0.313876
0.244676
0.748485
0.478658
0.142764
0.0136431
0.00965964
0.829493
0.000818129
0.00425697
1.13445e-05
0.224409
0.902027
9.09769e-06
3.48245e-06
0.97025
6.0399e-07
0.406877
0.928477
5.09196e-05
0.999518
0.0479491
0.774163
0.0642068
0.527046
0.996677
0.989002
0.890386
0.986155
0.973645
0.0135535
0.999997
0.669178
0.970943
0.905956
0.000696955
0.705204
0.00184053
0.837067
0.847151
0.973707
0.72036
0.000853172
0.998081
0.998756
0.998218
1.71043e-07
0.87973
0.551503
0.0572367
0.98873
0.921199
0.000247385
0.587618
0.516017
0.0399779
0.39416
0.998109
0.0129951
1
0.180542
0.889202
0.715694
0.99977
0.691456
0.998891
0.287913
0.999954
0.599046
0.999604
0.357802
0.205407
0.220127
0.320771
0.874524
1.10399e-05
0.0714259
0.999666
0.994488
0.0258426
0.826997
0.999643
0.303894
0.805172
0.996164
0.743974
0.999102
0.0700288
0.0196853
0.839088
0.0200381
0.445158
5.60376e-06
7.36204e-05
0.99731
0.0741553
4.29303e-05
0.0173653
0.029755
0.964041
0.992401
2.27714e-06
0.951344
0.999874
0.624046
0.542696
0.631459
0.872745
0.143874
0.148701
0.872501
0.919039
0.000164975
0.313319
0.841212
0.000415394
1
0.0381125
0.327833
0.999998
0.995798
0.00190858
0.158056
0.381138
0.000838636
0.611876
0.00882338
0.131943
0.642775
0.492519
0.970816
0.810693
0.860162
0.596467
0.763325
0.688913
0.979647
0.0124295
0.960385
0.988254
0.93965
0.017712
0.996023
0.855468
0.975473
0.716162
0.532844
0.0131971
0.607543
0.999894
8.39963e-07
0.222864
0.46664
0.000259117
0.763616
0.00458403
4.77193e-06
0.774004
3.11682e-07
0.98878
0.985823
0.9963
0.981183
4.48943e-05
0.998507
0.378617
0.749183
0.731869
0.310078
0.892457
0.00821634
0.435932
0.999177
0.937045
0.255424
0.00734807
0.217113
4.83342e-05
0.948489
0.699111
0.017263
0.474971
0.503191
0.0981879
0.379221
0.187897
0.895998
8.30037e-06
0.625053
0.966077
0.264909
0.0002679
0.998603
0.175386
0.205293
0.999592
0.149859
0.53682
0.51647
0.127585
0.175892
3.20931e-05
0.601836
0.219809
0.30774
0.496382
1.54907e-06
0.166509
0.465178
0.994327
0.995993
0.0613737
0.0896589
0.066161
0.696166
0.669076
0.869971
0.984614
0.00836654
0.842875
0.0202578
0.64284
0.941513
2.19929e-05
0.953813
3.96744e-06
0.00701627
0.951454
0.00220034
0.263152
0.94505
0.953775
0.0524729
5.03541e-05
0.00237832
0.747737
5.06495e-06
0.253541
0.999502
0.999787
0.00031818
0.0100429
4.52265e-12
0.0492582
0.339194
0.972931
0.968122
0.902288
1
0.865828
0.743767
0.444951
0.999715
0.0949263
0.99904
0.0705688
0.000107688
2.63716e-08
0.000266093
0.916763
0.742363
0.00868523
0.444972
0.42056
0.522382
0.973253
0.000223391
0.999795
0.526932
0.0317675
0.177066
0.136526
0.981342
0.917341
0.982091
0.000873463
0.590241
0.314393
0.193187
0.987895
0.186292
0.775771
0.198458
0.000508762
0.632418
0.173672
0.961655
0.144628
0.989664
0.855558
0.979665
0.940318
0.773588
0.128334
0.791779
0.953554
2.88829e-07
0.00367312
0.365752
0.95828
0.999769
0.995896
0.17255
0.602642
0.998551
0.969622
0.983813
0.998987
0.09871
0.0763661
0.0865607
0.461337
0.941807
0.395871
0.999393
0.0012648
0.0141258
0.65759
0.8826
0.0597329
0.812899
0.14706
0.999322
0.997404
0.122477
0.640777
0.998198
0.884286
0.999887
0.000297989
0.187383
0.448858
0.0846416
0.296022
0.927524
0.021822
6.05311e-05
0.00217612
0.989093
0.843758
0.999992
0.765453
0.283863
0.996518
0.00166951
0.649717
0.0117145
0.483541
0.735638
0.0746153
0.0322251
0.879887
0.0568141
0.00015546
0.984106
0.883493
0.931922
0.145304
0.717562
1.0933e-05
0.0852604
0.000306895
0.162641
0.199987
0.00168098
0.935938
0.982787
0.514759
0.856385
0.733434
0.196968
6.05388e-05
0.0475955
0.743979
0.567816
0.143471
0.0272009
0.595034
0.975639
0.992196
0.992938
0.950791
0.94487
0.91575
0.592362
0.998295
0.759384
0.851696
0.0800453
0.241177
0.346554
0.740743
0.989611
0.0182365
0.989713
0.150913
0.110987
0.00149225
0.000148282
0.961919
0.368003
0.86675
0.0482194
0.959888
0.0389933
0.539024
0.586704
0.167323
0.499267
1.34267e-07
0.942297
0.990411
0.0235364
0.998679
0.161545
0.991068
0.238768
0.999985
0.968378
0.314379
0.844514
0.000354081
0.038001
0.0745172
0.141608
0.508019
0.36881
0.126737
0.178881
0.00421813
0.162381
0.998037
0.82553
0.0305264
0.871943
0.386091
0.998989
0.00264932
0.0751907
0.870003
0.993532
0.997422
0.731527
0.786842
0.999392
0.999901
0.688263
0.418783
0.0130765
0.61199
0.989451
0.438783
0.52441
0.0170457
0.527971
0.992104
0.92041
0.237816
0.995897
0.788427
0.00754703
8.32513e-06
0.182001
0.862073
0.0406488
0.011893
0.888868
0.768036
0.367115
0.944134
0.00160377
0.00488937
5.12201e-05
0.999902
0.49398
1
0.0487675
0.999949
0.0018852
0.0237305
0.589121
0.193181
0.241375
0.567172
0.00810946
0.22149
0.876667
0.567097
0.654614
0.000778236
0.184354
0.96962
0.0991538
0.985379
0.691009
0.0690406
0.0119436
0.999737
0.623836
0.997674
0.688253
0.987397
0.849481
0.0501631
0.0657865
0.945082
0.161494
1.87867e-07
0.278407
0.995544
0.377908
0.193365
0.678703
0.3707
0.982218
0.612028
0.840946
0.745087
0.0426123
0.941455
0.832802
0.456144
0.151973
0.411225
0.402445
0.0343984
0.97526
0.577343
0.402868
0.944802
0.985494
0.0639796
1
0.960572
0.975327
0.955059
4.6329e-05
0.00577012
0.502942
0.818347
0.951777
0.17696
0.999349
0.35946
0.733076
0.00406973
0.139438
0.809516
0.94502
0.0204843
0.000553357
0.58831
0.704316
0.157264
0.999999
0.0145745
0.90616
0.23203
0.56541
0.904643
0.682147
0.718503
0.00269144
0.390698
0.36412
0.987931
0.999289
0.992278
0.0151329
0.0124748
0.0161568
5.38019e-07
0.000111094
0.526231
0.962969
0.72218
0.121385
0.976356
0.773757
0.97014
0.0526599
0.007039
0.0030885
0.320238
0.000750042
0.649687
0.897008
0.999703
0.0423357
0.0254521
0.946922
0.0148445
0.972883
0.944514
0.0434463
0.99997
0.428253
0.0026948
0.719534
0.359385
0.999008
0.0394732
0.727987
0.864122
0.00503284
0.54634
0.970153
0.999254
0.699008
0.98532
0.0636056
0.00980978
0.861603
0.130058
0.837061
0.978165
0.997198
9.14658e-06
0.977989
0.024655
0.927512
0.153342
0.893587
0.417867
0.930741
0.554823
0.000526406
0.735073
0.871593
0.787759
0.294994
0.259318
0.00136557
0.972591
0.856293
0.000248217
0.39658
0.0851511
0.00328129
0.738961
0.00550779
0.99717
0.965827
0.992687
0.0034334
0.683363
0.0734933
0.999888
0.99984
0.154073
0.897434
0.022267
0.969114
0.597027
0.0132445
0.589245
9.90671e-08
0.99677
0.80119
0.139369
0.482083
0.0528765
3.20612e-06
0.997374
0.703455
0.305785
0.567415
0.162911
0.992501
0.58168
0.00610853
0.994211
0.999098
0.0638895
0.071789
0.668999
0.443235
0.100379
0.981658
0.674712
0.913527
0.999815
0.443744
0.070725
0.995433
0.984295
0.978852
1.13598e-07
0.900994
0.302446
0.143573
0.997135
0.715438
0.462729
0.838122
0.0100505
0.00587976
0.806279
0.998746
0.618497
0.0769925
0.994789
0.973584
0.00122366
0.328569
0.0254535
0.0713546
0.734666
0.532551
0.986117
0.00287937
0.256675
0.996253
0.212898
5.18884e-07
0.445591
0.470377
0.986969
0.999905
1.19333e-05
0.999977
0.00171429
0.766272
0.0215128
0.968986
0.716758
0.864493
0.00129023
0.998246
0.00181128
0.0423986
0.0942706
0.472501
0.962664
0.00635271
0.966346
0.243398
0.0135745
0.611155
0.102882
3.98001e-07
0.991694
0.918341
0.980839
0.161354
0.00206033
0.0931681
0.0361074
0.99954
0.547806
0.432295
0.000276612
0.0318515
0.309157
0.872731
0.997915
0.0231426
0.590494
0.301806
0.304848
1
0.997328
0.0188228
0.238054
0.00576779
3.49794e-05
0.544702
0.99743
0.997146
0.127721
0.40285
0.817286
0.0391247
0.428784
0.999986
2.69078e-06
0.995673
0.49404
0.0192558
0.0477462
0.999685
0.999806
0.999821
0.999988
0.316947
0.000232772
0.996067
0.213208
0.276999
0.934587
0.978872
0.343151
0.763181
0.661354
0.993977
0.905557
0.00142556
0.972711
0.0101924
0.699208
0.225899
0.0775486
0.0284746
0.16571
0.021416
0.00964424
0.976405
0.267437
0.944153
0.721306
0.825345
0.829382
0.966866
0.00198842
0.196663
0.0195532
0.000701115
0.905869
0.0658737
0.616484
0.0199269
0.913505
0.000822366
0.00616422
0.00393679
0.288004
0.663482
0.208184
0.0382958
0.239126
0.118419
0.00019676
0.000352749
0.6091
0.75434
0.748286
0.224158
0.100785
0.702475
0.00210706
0.30718
0.294023
0.230085
0.222144
0.168639
0.756437
0.0152122
0.933693
0.997666
0.475207
0.991591
0.998978
0.000814654
3.17295e-05
0.00624541
0.133564
0.494366
0.00757855
0.9685
0.996017
0.325961
0.66492
8.08519e-06
0.122486
0.977042
0.924568
0.00127411
0.988669
0.999305
0.0622
0.537947
0.875563
0.876129
1
0.891468
0.960994
0.247616
0.99992
0.000998299
0.999772
0.675203
0.00125733
0.12854
0.00180586
0.293258
0.280786
0.225591
0.163643
0.806918
0.984783
0.903829
0.523256
0.999905
0.00596253
0.0796124
0.774272
0.022408
0.979752
0.39984
0.0983448
0.37753
0.15737
0.557713
1.48479e-06
0.113497
0.995303
0.0725361
0.458078
0.173216
0.787924
0.00107053
0.999569
0.998888
0.278442
0.99953
0.0475025
0.64697
0.132798
0.64866
0.531776
0.882847
0.952665
0.0397756
0.995749
0.0019751
0.153472
0.93001
0.738696
0.0141331
0.944512
0.00303471
0.0162355
0.318325
0.843203
0.0285148
0.430131
0.863786
0.970756
0.938243
0.969105
0.445067
0.775654
0.00485565
0.97937
0.986439
0.98978
0.692398
0.933545
0.507732
0.521513
0.323714
0.99952
0.771992
0.999969
0.0054242
0.00011011
0.000284729
0.966098
3.16301e-06
0.00167911
0.92935
0.411343
0.688412
0.999943
0.0412189
1.02208e-05
0.000420511
0.0289024
0.887405
0.0108256
0.492307
0.527098
0.355303
0.192649
0.805259
0.959855
0.763771
0.281472
1.57115e-11
0.999095
0.000564729
1.28464e-12
0.163084
0.7692
0.999995
0.662986
0.525217
0.00934111
0.0928521
0.962498
1.21499e-06
0.986382
0.0213535
0.448579
0.000295743
0.977465
0.00228225
0.726663
0.00204091
0.999749
2.04061e-06
0.970316
0.30622
0.623207
0.0339842
0.997176
0.999852
0.925173
0.998898
1.75818e-05
0.00936442
0.122908
0.755513
0.999994
2.97313e-06
0.00067847
0.0742882
0.0989276
0.811418
0.0137378
0.0155861
0.999974
0.313455
0.939628
0.851785
0.611321
0.0542737
0.6186
0.686775
0.0880851
0.182266
0.999839
0.0130582
0.833025
0.423576
0.886922
0.379186
0.501689
0.0142225
0.998796
0.788242
4.36816e-05
0.00348322
0.342723
0.0219101
2.46804e-06
0.199813
0.781131
0.981891
0.946703
0.952975
0.781566
0.865084
4.30339e-05
0.510044
0.169198
0.443068
0.284359
0.7132
0.996818
0.99972
0.00666225
0.999967
0.655048
0.0101369
0.000423749
0.998243
0.179106
0.00109795
0.811844
0.0839888
0.197937
0.00716764
0.00445942
0.0475539
0.45344
0.00201141
0.897719
0.974513
0.357374
0.999811
0.000514959
0.396468
0.991477
0.000177495
0.0410318
0.0102573
0.999942
0.950797
0.5268
0.38352
2.11011e-06
1.72956e-06
0.0700167
0.251123
0.717936
0.489648
0.00519503
0.868815
0.914975
0.979824
0.0306447
0.291042
0.321868
0.586553
0.995908
0.530778
2.77963e-06
0.261678
0.283475
0.999917
0.497222
0.999793
0.491805
0.870745
0.000231549
0.100214
0.00243123
0.400554
0.052339
0.975933
0.45068
0.941053
0.0219601
0.989785
0.98948
0.794187
0.999994
0.611958
0.473473
0.859701
0.00246614
0.472776
0.0487123
0.105944
0.695554
0.516111
0.697554
0.632339
0.582638
0.330521
0.0228133
0.984293
0.0102417
0.911961
0.00377095
0.257624
0.00100603
0.164566
0.990999
8.01018e-06
0.00893851
0.450712
0.256964
0.970784
0.0293787
0.892803
0.97445
1.03495e-07
0.387386
0.972068
0.819834
0.802438
0.92534
0.977481
0.00105709
0.00707287
0.986152
0.999203
0.0182066
0.00711247
0.128039
0.0894402
0.298483
0.0015463
0.871956
0.993634
0.171713
0.996412
0.953353
0.196872
0.01339
0.997841
0.624171
0.30922
0.565831
0.812276
0.393333
0.997648
0.832636
0.995017
0.165973
0.0415094
0.776641
0.871621
0.982553
0.0139866
0.99956
0.0116909
0.459282
0.0192845
0.626709
0.999954
0.841648
0.000169534
0.999297
0.773775
0.156776
0.0320057
0.610848
0.989101
0.59749
0.413947
0.659819
0.999867
0.0286884
9.50887e-06
0.976112
0.00261094
0.272098
0.980696
0.732178
0.000361368
0.246014
0.000399874
0.964475
0.870305
0.323139
0.000656695
0.999999
0.924629
0.952525
0.880595
0.13401
0.394136
0.267951
0.150002
0.000405301
0.45878
0.203864
0.777238
0.0187804
0.16491
0.47515
3.59221e-05
6.9425e-05
0.745241
0.973459
0.193002
0.918974
0.0826603
0.00977302
0.950863
0.00418621
0.814174
0.0311584
0.364275
0.110882
0.000328801
0.442286
0.382355
0.997808
0.012968
0.0778066
0.985226
0.811268
0.000169732
0.952996
0.348707
0.062976
0.915316
0.0706925
1.54727e-05
0.000866852
0.794689
0.00102233
0.0707671
0.938279
0.907033
0.990511
0.55469
0.0041409
0.708106
0.00324292
8.34299e-07
1
0.519836
0.000233158
0.999994
0.797654
0.0696324
0.98998
0.975865
0.0306137
0.929186
0.0122915
0.959266
0.454422
0.0113802
0.574409
2.58989e-08
0.00285342
0.0211784
0.0132977
0.819156
0.908917
0.382196
0.999982
0.697967
0.00100617
0.712979
0.0429804
0.750149
0.000623829
0.600612
0.521359
0.611696
0.147458
0.685009
0.741488
0.0195174
0.967689
0.974758
0.998671
0.126273
0.675906
0.0198248
0.984642
0.914786
0.2534
0.935445
0.585088
0.936789
0.0347122
0.223139
0.00815196
0.61105
0.033105
0.00401985
0.927353
0.305649
0.00718095
0.0807348
0.225439
0.328103
0.0151226
0.426594
0.717032
0.879406
0.00324956
0.376506
1
0.58466
0.999744
0.0030747
0.998818
0.999877
0.275137
6.69232e-05
1.22715e-06
0.0951084
0.862635
0.00908924
0.99927
0.985417
0.183121
0.203663
0.282023
0.0731292
0.971903
0.31644
0.925718
0.998287
0.944735
0.00675814
0.00395112
0.0405987
0.630196
0.0533459
0.995184
0.00115616
0.880907
0.994528
0.196262
0.993723
0.97006
0.539044
0.999999
0.994495
0.935716
0.0679416
0.552777
0.391915
2.19425e-06
4.80127e-07
0.0245751
0.99148
3.64318e-08
0.115954
0.0609964
1
0.511756
0.799635
0.125262
0.900664
0.0182304
0.749082
0.953216
0.0035603
0.491555
0.636614
0.541134
0.937484
0.00923676
0.00565303
0.125343
0.552306
0.777139
0.738737
0.0191493
0.0969961
0.990268
0.701725
0.00214998
0.0113325
0.0129617
0.972092
2.46932e-07
0.00487338
0.999988
0.0244167
0.111906
0.954654
0.00963228
0.253108
0.00101394
0.0104623
0.538223
0.829706
0.991289
0.72263
0.000325011
0.999966
0.00264746
0.867638
0.413507
0.0165927
0.333197
0.00681041
0.876145
0.814737
0.970491
0.722256
0.898829
0.999368
0.0400755
0.975491
0.992354
0.00796974
0.706964
0.280315
0.994702
8.69245e-06
0.999083
5.08352e-06
0.826244
0.0817982
0.654789
0.560332
0.0180514
7.24042e-05
0.817803
0.00010063
0.864488
8.92424e-10
0.972692
0.0556197
0.000230876
0.000576653
0.997775
0.0246813
0.381679
0.94752
0.440482
0.878086
0.0678358
0.394876
0.00726133
0.506302
0.0017709
0.975521
0.876841
0.349177
3.35444e-05
0.00635376
0.820945
0.607779
0.999965
0.737304
0.95653
0.927867
0.999323
2.32412e-05
0.31571
0.829429
0.333352
0.154196
0.686851
0.999939
0.0637097
0.784019
0.932634
0.937361
0.599707
0.960697
0.870046
0.951423
0.299086
0.30851
0.636851
0.122643
0.00316718
0.999904
0.81309
0.864656
0.918879
0.504319
0.0141533
0.00910594
0.94826
0.195001
0.809146
0.994277
0.990608
0.962637
0.999118
0.295271
0.997937
0.954059
0.535543
0.997
0.984753
0.96884
0.998426
0.992814
0.00211612
0.299321
0.493905
0.987374
0.996548
0.456083
0.998049
0.28745
0.403214
0.0784773
0.999159
0.389939
0.866582
0.263343
0.0138824
0.99594
0.291793
0.000635119
0.897458
0.216152
0.922497
0.408989
0.848382
0.99223
0.000323879
0.0888268
0.040066
0.0254971
0.670237
0.0112935
0.997035
0.488533
0.904229
0.998595
0.174411
6.85216e-05
0.984636
0.147093
0.00076136
0.48636
0.178581
0.581178
0.0907023
0.99516
0.0905875
0.996941
0.587624
0.0134857
0.00938147
8.01789e-10
0.174097
0.894042
0.604462
0.900418
0.555076
0.916978
0.0434102
6.04169e-05
0.0852678
0.943329
0.560699
0.152284
0.930674
0.989236
0.513492
0.772148
1.22814e-09
0.995958
0.384159
0.163124
0.787762
1.01676e-07
0.260978
0.546775
0.990049
0.88284
0.999698
0.0741284
0.0120184
0.133823
0.960487
0.242172
0.739098
0.854659
0.868698
0.974144
0.0151209
0.93788
0.429425
0.015995
0.240337
0.999315
0.314852
0.000429263
0.996202
0.0203746
0.646121
0.45346
0.99795
0.958891
0.999925
0.896985
0.0376872
0.858683
0.986571
0.823996
0.419971
0.999242
0.0841617
0.0559678
0.064382
0.0299587
0.994346
0.631097
0.102773
0.446727
0.933667
0.976416
0.77109
0.257031
0.863701
0.0423448
0.703205
0.817048
0.856558
0.992812
0.527115
0.989876
0.00465269
0.660752
0.00222282
0.0630455
0.935512
0.910084
0.999571
0.983594
0.018354
0.999174
0.999908
0.000485509
0.803658
0.0956686
0.00226592
0.372687
0.446985
0.951603
0.0334215
0.183364
0.479032
0.98474
0.403876
0.997979
0.00569201
0.105413
0.982709
0.999973
0.0445192
0.695468
0.046613
0.79335
0.805403
0.142868
0.90161
0.00425617
0.879404
0.999696
0.883781
0.969522
0.655658
0.0506711
0.943879
2.32729e-06
0.693085
0.176625
0.536767
0.968738
3.04118e-09
0.996383
0.985358
0.0777202
0.479109
0.00203901
0.914089
0.938143
0.909971
0.93964
0.999422
0.49768
0.591704
0.000643093
0.912639
0.314767
0.99997
0.157397
0.897358
0.00419168
0.238659
0.00380545
0.77039
0.0145572
0.913479
0.42231
0.995967
0.425027
0.192365
0.60329
2.68445e-05
0.00353385
0.297776
0.0383032
0.8632
0.93997
0.251412
0.921699
0.796511
0.831868
0.0824102
1.84291e-05
0.742104
0.999996
0.964462
0.999998
0.00114805
0.899678
0.997638
0.0264284
0.53633
0.996334
0.107286
0.0691093
0.999659
0.998908
0.021013
0.179929
0.905127
0.614618
0.620459
0.294983
0.0072443
0.85376
1.5664e-05
0.0452283
0.943724
0.996573
0.735131
0.00247001
0.000280632
0.598763
0.00439541
0.99909
0.122862
0.989009
0.684736
0.331188
0.512957
0.204374
4.48327e-05
0.980181
0.99965
0.948967
0.156657
0.0636293
0.689299
0.131437
0.543353
0.749198
0.43913
0.999264
5.76577e-06
0.457603
0.0100614
0.410694
0.0129251
0.997874
0.144813
0.866018
0.997309
0.202272
1.58751e-07
0.110704
0.0447781
0.00359763
0.00112765
0.362314
0.99937
0.379092
0.937789
0.0112218
0.965053
0.0370093
0.447735
0.0707352
0.915845
0.999058
0.977361
0.955364
0.00541388
0.999971
0.105639
0.905261
4.65939e-07
0.99201
0.0193535
0.940226
0.779835
0.999317
0.922459
0.0486729
0.989241
0.00149979
0.847231
0.451218
7.60061e-13
0.999997
0.547579
0.847218
0.0235195
0.596963
0.982592
0.0324114
0.996001
0.953963
0.468668
0.12003
0.999603
0.001636
0.905034
0.537882
0.121751
0.244197
0.000618381
0.553995
0.170918
0.767884
0.990964
0.999003
0.660336
0.000232385
0.199412
0.639992
0.13479
0.683591
0.98568
0.996041
0.91389
1.16941e-06
0.55672
0.25289
2.32701e-06
0.943002
0.999991
0.00526198
6.59579e-11
0.966933
0.364308
0.96721
0.410174
0.060201
0.935685
0.912568
0.895691
0.790116
0.889437
0.948622
0.842362
0.360693
0.0215082
0.99708
0.823434
0.266783
0.999582
0.0499574
0.5172
0.976591
0.97082
0.999259
0.999267
0.974843
0.0243734
0.921194
0.873521
0.592145
0.0475747
0.0466544
0.0327593
0.112852
0.0277155
0.00309275
0.823299
0.109127
0.0282641
0.086545
0.00064465
0.00011445
0.998558
2.84251e-05
0.336732
0.998986
0.299282
0.762598
0.162357
0.771555
0.99999
0.999998
0.996446
0.999048
0.468598
0.00475283
0.983554
0.983274
0.953445
0.402022
0.000292303
0.998283
0.0283441
0.998981
0.670267
0.613441
0.693793
0.997583
2.05714e-07
0.0517705
0.0401929
0.276917
0.0497142
0.175506
0.0111364
8.13622e-07
0.102364
0.00118624
0.949281
0.946849
0.753617
0.54158
0.298434
0.882017
0.55819
0.526739
0.941568
0.0465418
0.0186216
0.763832
0.919563
0.00281564
0.400188
2.01179e-06
0.990924
0.971786
0.491929
0.999066
0.218109
0.451042
0.867798
0.114494
0.132993
0.995709
0.015034
0.00936038
0.872499
0.879809
0.311267
0.397307
0.938665
0.961082
6.29365e-06
0.672765
0.858757
0.542113
0.68697
0.975557
0.991449
0.0990561
0.000519957
0.714303
1.51991e-05
0.917651
0.000539058
0.00242209
0.989489
0.999815
0.573066
2.65874e-05
0.442394
0.997051
0.0118722
0.00634328
0.89908
0.650943
0.972605
0.662115
0.663845
0.000318295
1.07734e-05
0.991727
0.00755954
0.99559
0.15877
4.70588e-05
0.649404
0.0771209
0.0613677
0.900746
0.000442456
0.000506476
0.0453264
0.999983
0.173049
0.905607
3.68662e-09
5.61658e-05
0.518933
0.10316
0.843249
0.83639
0.745183
0.0100222
0.0384629
0.118826
0.99524
0.999955
0.931891
0.962206
0.584145
0.999474
0.0167643
0.681289
0.222702
0.468439
0.00726223
0.0487006
0.999922
0.999042
0.991646
0.335199
0.663002
0.910615
0.872593
2.15516e-05
0.414018
0.0338655
0.0447403
0.00545332
8.37307e-06
0.970989
0.945181
4.14639e-06
0.592343
0.977942
0.212495
0.999997
0.346992
0.743346
0.588075
0.00177714
0.00759989
0.135916
0.822236
0.336299
0.000169875
0.999999
0.0174725
0.144089
0.687351
0.991444
0.576667
0.369994
0.699191
0.271554
0.790805
0.41499
0.042511
0.430602
0.00669346
0.318712
0.999811
0.000814533
0.468838
0.993865
0.295572
0.999814
0.999252
0.318865
0.997691
0.0173265
0.173939
0.113091
0.542002
0.368536
0.655999
0.999962
0.906733
0.49585
0.923047
0.351541
0.694149
0.00809237
0.0147849
0.000589416
0.534409
0.915699
7.88227e-06
0.998339
0.000129372
0.999109
0.835697
0.611907
9.50666e-05
0.728683
0.00300607
1.53646e-10
0.459134
0.0196014
0.175477
0.478317
0.0233771
0.141827
0.999998
0.043563
0.000140053
0.996843
0.259004
0.722617
0.0422561
0.0849644
1
0.998791
0.000252236
0.00507773
0.939147
0.859414
0.422991
0.0710187
0.995656
0.714373
0.56244
0.732717
0.548559
0.000109583
0.975979
0.407596
0.888616
0.055257
0.997375
0.769833
0.55509
0.977423
0.970679
3.95235e-06
0.758403
0.467546
0.991195
0.893343
0.0260539
0.977644
0.013318
0.476542
0.648138
1.71582e-07
4.7035e-08
0.480636
0.999972
0.000442649
0.135846
0.999553
0.79145
0.472699
0.243836
0.000350823
0.987629
0.00346609
0.999091
0.000360579
0.734804
0.00114011
0.314495
0.999679
0.784495
0.999325
0.351951
0.996906
0.084113
0.0542166
0.827015
0.000698867
0.843367
0.849622
0.00137151
0.999887
0.036309
0.999946
0.857245
0.669115
0.755597
0.997958
0.13422
0.740547
0.754293
0.997383
0.999546
0.00167173
0.872824
0.00245579
0.81956
0.00164907
0.000152421
0.096972
0.999842
0.877343
0.992177
0.0338946
0.999997
0.857574
0.0014309
0.413543
0.000862346
0.974417
0.101715
0.146621
2.45579e-05
0.0117629
0.199553
0.552733
0.00164582
0.571093
0.987614
0.998075
0.000777714
0.0523403
0.983878
0.366574
0.111465
0.24437
0.177324
0.0280779
0.928363
0.986063
0.999554
0.106502
0.205501
0.921754
0.885957
0.0115402
0.871966
0.979977
0.154087
0.796281
0.439977
0.284346
0.564633
0.541597
0.99842
0.987051
1
0.00134701
0.658427
0.779551
0.00355924
0.943557
0.0995731
0.880217
0.264236
0.865046
0.656189
0.00600781
0.938057
0.992595
0.0209857
0.265992
0.234833
0.483437
0.0453322
0.00258528
0.983738
0.0355164
0.433586
0.800707
0.198258
0.276543
0.23891
0.0942207
0.00259333
0.062062
0.00838499
0.288031
0.350036
0.218364
0.999783
0.00207704
0.0275405
0.241317
0.851495
0.053843
0.290163
0.999962
0.00322304
0.84546
0.855686
0.996321
0.000410294
0.159224
0.814008
0.296205
0.588163
0.371313
0.997633
0.00238508
0.316635
0.612266
0.847344
0.96633
0.883259
0.840966
1
0.983074
0.545153
0.397307
0.140701
0.999948
0.115855
0.998748
0.998557
0.992358
0.285641
0.548337
0.958614
0.79994
0.108847
0.947192
0.401687
0.0805088
0.999979
0.419199
0.415297
0.369344
0.999283
0.99959
0.937645
4.81297e-05
0.0563762
0.00016201
5.50054e-05
0.863982
0.00136762
0.999493
0.94768
0.000100512
1.34701e-05
0.990538
0.995521
0.985252
0.590817
0.757554
0.0316004
0.799619
0.00204686
0.00139943
0.915518
0.764728
0.034286
0.974057
4.55666e-06
0.0324951
0.0004533
0.63599
0.0275834
0.841196
0.812971
0.332436
0.000158485
0.989172
0.962543
0.434604
0.998939
0.996967
0.722257
0.783934
0.909212
0.451205
0.34218
0.469184
0.0152819
0.588215
0.0753696
0.432322
0.269789
0.586803
3.14057e-05
2.50212e-06
0.0553581
0.000473032
0.98147
0.981342
1.63575e-05
0.298173
0.0118535
0.999636
0.00487485
0.000117316
0.988771
0.000305509
0.00905293
0.00300919
0.439662
0.819913
3.59418e-05
0.865259
0.679809
0.999343
0.970858
0.991715
0.452284
0.607488
0.999978
0.000162668
0.259424
0.837565
0.58099
0.255601
0.0116899
0.987522
0.994104
0.928666
0.978495
0.0558309
0.333915
0.937641
1.00491e-05
0.917718
0.868142
0.999517
0.999732
0.535634
0.0279038
0.394582
0.00354455
0.945185
1
1.25507e-09
0.867315
0.95251
0.980504
0.534754
0.961163
0.58517
0.00505709
0.162574
0.404445
0.436493
1.40652e-08
0.897395
0.0107263
0.401699
0.37554
0.987544
0.999505
0.570266
0.892717
0.011421
9.84431e-06
0.00150838
0.772781
6.33954e-07
0.859816
0.282246
0.99959
0.543525
0.460332
0.80947
0.474603
0.00578815
0.998035
0.973496
9.66455e-08
0.995631
0.0101733
0.992344
0.537845
0.983087
0.758918
0.467188
0.000103927
0.959185
0.989182
0.893098
0.551371
0.999351
0.97732
0.780069
0.00117842
0.0124578
0.358607
0.616843
0.904823
0.767375
1
0.757582
0.52771
8.12785e-06
0.826389
0.852984
0.162461
0.998744
0.221619
0.998605
0.473899
1.13639e-07
0.970386
0.942602
0.959957
0.000529507
0.00076909
0.999611
0.283814
0.656173
0.999769
0.134788
0.996194
0.40778
0.155797
0.0440743
0.644456
0.543572
0.183008
4.91943e-05
0.787664
0.139629
0.0836691
0.00209465
0.746775
0.999439
0.685197
0.997554
0.770087
0.259173
2.6167e-05
0.88798
0.017366
0.994402
1.90524e-06
0.175291
0.00173305
0.778387
0.000502814
0.999205
0.495287
0.996598
0.00300469
0.00475477
0.986122
0.399424
2.19863e-10
0.817465
0.697331
0.00138236
0.891663
0.809257
0.617301
0.719589
0.997826
0.0303936
0.876719
0.619892
0.358163
0.973197
0.0237215
0.0274802
0.92965
0.877745
0.020904
0.00397155
0.592876
0.999478
0.601624
0.999761
0.164059
0.689292
0.00628785
0.00341222
0.809202
1.40689e-07
0.214837
0.900588
0.0138069
5.74167e-07
0.998426
0.000360674
0.439368
0.949976
0.978577
0.655805
0.287458
0.937729
0.00331896
0.370271
0.00638088
0.744566
0.998332
0.961628
0.0433874
0.0800875
0.780244
0.0755445
0.907173
0.094263
0.753691
0.886126
0.0936858
0.0113964
0.991853
0.999985
0.553582
0.028699
0.787989
0.98298
0.999927
0.0263047
0.820185
0.521593
0.989812
0.996474
0.696446
0.000183087
0.723316
0.989025
0.999546
0.993127
0.966094
0.21422
0.225019
0.100606
0.953981
0.990914
0.954107
0.538652
0.999999
0.931405
0.6089
0.0239365
0.00193927
0.00432758
0.599196
0.999693
0.978679
0.398367
0.866351
0.588613
0.836699
0.153497
0.999966
0.0249373
0.853747
0.709905
0.0822286
0.501292
0.659959
0.386324
0.47069
0.518382
4.23506e-07
0.860761
0.000104714
2.53445e-05
0.382824
0.00072725
0.303458
3.45498e-06
0.00135249
0.318689
0.0415183
0.000119495
0.0030636
0.0994033
0.846302
0.174685
0.981801
0.00456486
0.000177179
0.446025
0.77364
0.270201
0.76867
0.98827
0.993623
0.994694
0.50531
0.995214
0.993812
0.751204
0.396427
0.97076
0.999972
0.990349
0.0312435
0.448166
0.288742
0.281624
0.999902
0.796372
0.923613
0.984886
0.998198
0.55549
0.529461
0.512235
0.304733
0.999913
0.95908
0.803459
0.94211
0.0108749
0.631147
0.00304847
0.999404
0.963962
0.913606
0.198893
0.0315171
0.617869
0.0005571
0.129923
0.881404
0.359374
0.726558
0.182207
1
0.999428
0.724106
0.513384
0.998145
0.0278565
0.988696
0.546323
0.800864
0.378769
0.993465
0.983915
0.611547
0.00115448
0.985572
1.81772e-07
0.732638
0.0332918
0.937491
0.00452399
0.974963
0.0178547
0.180169
0.933604
0.556932
0.847359
0.998092
1
0.929816
0.00141994
0.97412
0.826645
0.836116
0.517381
0.992908
0.333772
0.156084
0.919372
0.998647
0.845519
0.873751
0.367478
0.976512
0.0214641
0.0225564
0.0683102
4.24639e-06
0.625711
0.967297
0.491529
0.00227225
0.682003
0.999411
0.983879
0.0780701
0.0807673
0.0159064
0.928242
0.921648
3.0285e-06
0.00158309
0.970615
0.00310602
0.903102
0.245795
0.205142
0.974586
0.561147
0.729317
0.998387
0.933945
0.836686
0.999396
0.996282
0.999249
7.67847e-06
0.753852
8.45665e-06
0.997972
0.0302361
0.0055444
0.000124888
0.280733
0.295609
0.293967
3.98721e-06
0.0924534
0.979352
0.370825
0.604483
0.000184813
0.378367
0.810821
0.960633
0.999525
0.929492
0.381688
0.110302
0.591901
0.845916
0.861205
0.365305
0.999729
0.999941
0.788236
0.770597
0.998547
0.00343012
0.999564
0.825296
0.327501
0.0134441
0.000856332
0.985429
0.678874
0.0021423
0.0845077
0.464496
0.995817
0.502537
0.993947
0.152872
1
0.0378298
0.695036
0.721392
0.185969
0.298316
0.797455
0.000173377
0.989666
3.47815e-05
0.989695
0.715564
0.0188435
0.914983
0.560855
0.10438
0.038583
0.999541
0.997427
0.000240264
0.00897481
0.858549
0.999806
0.909593
0.134902
0.987524
0.949877
0.744716
0.0732381
0.719128
0.669399
0.996148
0.262688
6.04754e-07
0.362335
0.718814
0.0170857
0.972706
0.800388
0.9823
0.0993341
0.800679
0.282502
1.45786e-05
0.372691
0.0140857
0.000200951
0.861041
0.794528
0.992642
0.427333
0.319991
1.21691e-05
0.100441
0.994873
0.0632689
0.127829
0.0205954
0.97345
0.114125
0.727342
0.100379
0.00410905
0.0259532
0.140922
0.577204
0.417476
1
0.0442917
0.302203
0.887159
0.000212803
0.00340814
8.77431e-05
0.984701
0.996178
0.999945
0.537234
0.999999
5.3982e-06
0.999951
0.0140538
0.957825
0.00202046
0.348012
0.973942
0.175474
0.00227876
0.530787
0.999945
0.369486
0.604867
1
0.511163
0.842422
0.999928
0.532225
0.440346
0.0143572
0.593161
0.999933
0.00845961
0.885169
0.00212211
0.793609
0.402543
0.941186
0.999911
0.12627
0.213701
0.281793
0.332065
0.919868
0.999939
0.194083
0.000983017
0.0206088
0.0504394
0.0356002
0.982646
0.0136133
0.763537
0.997636
0.00382347
0.633022
0.918024
0.000155874
0.423622
0.123348
1.96671e-06
0.998674
0.996848
0.921117
0.698985
0.499281
0.901516
0.315563
0.57126
0.742095
0.659094
0.588061
0.999988
0.713361
0.996193
0.0202744
0.595592
0.345875
2.36624e-05
0.000591252
0.00056365
0.0699847
0.918356
0.889598
0.0704811
0.801817
0.206803
0.999819
0.00627351
0.991937
0.000972369
0.997891
0.981251
0.222912
0.652606
0.013698
0.298364
0.211534
8.41347e-07
0.0101764
0.981002
0.0418689
0.882844
0.476228
0.886398
0.00502864
0.000154959
0.0324304
0.818476
0.970347
0.00312395
0.904284
0.987045
0.000825753
1.02858e-06
0.848771
6.2657e-08
0.00508211
0.128336
0.0927663
0.736186
0.0151564
0.502318
0.904856
0.992832
0.348718
0.565134
0.0441885
0.993817
0.0537766
0.0442119
0.000335814
0.29637
0.117173
0.0346933
0.916367
0.93083
0.00593444
0.973111
6.251e-05
0.427832
0.19706
5.18302e-08
0.998695
1.2558e-05
0.106931
0.0195569
0.105936
0.822132
0.141899
0.854752
0.3719
0.000643322
0.99729
0.000399409
0.00214935
0.999901
0.0178421
0.125965
0.0149815
0.000720958
0.000445443
0.974405
0.831528
0.996342
0.997417
0.000660239
0.326089
0.722779
0.015457
0.994043
0.0030307
0.335955
0.789706
0.994942
0.434857
0.922158
0.459627
0.183878
0.317434
0.832972
0.107816
0.052303
0.968547
0.00798693
0.0251192
0.795475
0.996873
0.00091216
0.806607
3.18128e-05
0.994746
0.999987
0.966032
0.00104939
0.990695
0.998199
0.98794
0.00124993
0.972024
0.690159
0.999379
0.999969
0.998554
0.251852
0.996882
0.94577
0.563741
0.957769
0.0243332
0.000328376
0.624386
0.867741
0.0969937
0.822978
0.99248
0.0211093
0.356165
0.817689
0.217219
0.00129216
0.000656499
0.440462
0.352085
0.0101639
0.94336
0.143201
0.98652
0.338463
0.990714
0.00612869
0.552428
0.994846
0.937586
0.999905
0.998405
0.750797
0.548259
4.15643e-11
0.261389
0.996527
0.99894
0.926608
0.996915
0.9888
0.553127
0.705963
0.253443
0.000715927
1
0.0341887
0.998673
0.268766
0.997945
0.178812
0.0823187
0.341115
0.487485
0.103572
0.99524
0.090163
0.122178
0.936921
0.1317
0.000954875
0.98813
0.993069
0.829858
0.999949
4.96576e-05
0.0242389
0.539753
0.0119518
0.524241
0.985231
0.999892
0.411667
0.023304
0.19444
0.96483
0.590613
0.988711
0.810541
0.000416717
0.999512
0.028855
0.935807
0.989273
0.261301
0.398856
0.186711
0.451582
0.995071
0.164411
0.993851
0.182174
0.999997
0.99259
0.997254
0.998999
0.999962
0.124999
0.849092
0.0223802
0.0068782
0.893774
8.84157e-06
0.00813168
0.235927
0.584307
0.00624063
0.952173
6.67266e-05
0.981044
0.0111114
0.525937
0.277583
2.73199e-05
1.15588e-07
0.802589
0.897535
3.12605e-16
0.0120861
0.0433014
0.109271
0.00118008
0.990607
0.945051
1
0.745928
0.943745
0.809323
0.00485233
0.00215348
0.836533
0.0114069
0.608529
2.32801e-06
0.0171402
0.978648
0.0125499
0.775346
0.999668
0.99218
0.917079
0.685978
0.501055
0.860833
0.00838239
0.0999332
0.323916
0.998731
0.98882
0.021771
0.981902
0.488676
0.0923707
3.22471e-06
3.43834e-07
0.881282
1.48331e-08
0.887419
0.624372
0.0118407
0.982246
0.996685
0.77965
0.0754751
0.573086
5.02756e-06
0.99689
0.378913
0.144416
0.00213162
8.31836e-05
0.706386
0.000598295
0.999997
0.152327
0.990691
0.998864
0.989949
0.000620037
0.723684
1.18813e-06
0.784674
0.995583
0.112479
0.639506
7.3315e-06
0.885651
0.285447
1.34677e-06
0.381179
0.97538
0.226976
0.97227
0.0131329
9.16618e-05
0.0124016
1.76392e-06
0.57286
0.832699
0.853912
0.615439
0.596711
0.477247
0.927964
0.00267101
0.629086
0.99999
0.335895
0.93092
0.127099
0.9722
0.802013
0.791527
0.979137
0.0101349
0.865655
0.80546
0.806429
0.976003
0.570015
0.0314057
0.999994
0.803859
0.763339
0.358933
0.00768802
1.21621e-05
0.999638
0.673819
0.341654
0.874769
0.154502
0.000330823
0.127039
0.0111032
0.999424
0.931793
0.455481
0.516877
0.641723
0.805563
0.989514
0.312659
1.0763e-05
0.930598
0.910662
0.230494
0.757264
0.23447
0.052408
0.510426
0.541989
0.423179
0.906654
0.169564
0.0928329
0.914365
0.359461
0.142731
0.323058
0.995277
0.998577
0.999842
0.999816
0.795757
0.461567
0.360403
0.801729
0.439286
0.681694
0.942827
0.269471
0.99993
0.976755
0.81382
0.999996
0.996491
0.0105723
0.880846
0.690789
0.99754
0.997029
0.996575
0.944454
0.337565
0.592533
0.378222
0.598866
0.884947
0.00991796
0.0792456
0.910994
0.029719
0.990999
0.978443
0.0314148
0.0164493
0.0438044
0.117649
0.000809686
0.665251
0.551726
0.90945
0.874848
0.406802
0.999531
0.999367
0.275729
0.0850662
0.999783
0.999976
0.829193
0.00710416
0.754753
0.214159
0.311537
0.982885
0.971206
0.453482
0.99132
0.00672528
0.449923
0.523623
0.000373313
6.19963e-05
0.0337426
0.998261
0.593939
0.986342
0.895163
0.154105
0.0270041
0.823446
0.117174
0.114739
0.200567
0.93865
0.0770599
0.999366
0.266565
0.669499
0.989177
0.464108
0.729086
0.699653
0.995908
0.251426
0.895104
0.996772
0.673451
0.839204
0.902537
0.998843
2.98677e-05
0.277979
0.368402
0.0654717
0.00102606
0.0149297
0.00137099
0.976577
0.0436013
0.0928172
0.375676
0.998424
0.0104031
0.919035
0.0427628
0.319904
0.959145
0.918761
0.196416
0.00537555
0.536555
0.0055237
0.977023
0.998295
0.999999
0.519028
0.99343
0.006217
0.986051
0.310117
0.160304
0.947387
0.0958486
0.933752
0.0913511
0.999529
0.689166
0.613304
0.65429
0.977603
0.998916
0.00760623
0.999939
0.854181
0.676331
9.82891e-06
0.0751607
0.346678
0.0134437
0.984683
0.914737
0.210206
0.607235
0.00202989
0.999969
0.574511
0.598788
0.220102
0.177874
0.978026
0.52723
0.734421
0.754065
0.00304144
0.309369
0.00152633
0.0324684
0.00368818
4.78892e-05
0.999995
0.00363297
0.0545539
0.986806
0.728302
5.28631e-08
8.07868e-05
0.411912
0.258364
0.00362648
0.982644
0.999561
0.999758
0.00133586
0.109616
0.000149162
0.00563018
0.999981
0.982502
0.00962936
0.0981654
5.71855e-05
0.993034
0.074122
0.00474173
0.0613511
0.998118
0.878801
0.470406
0.972575
2.72456e-10
0.0113598
0.00894622
0.437961
0.408644
0.714297
0.0084347
0.845582
0.0170501
0.170107
0.999144
0.0180392
0.0935021
0.876857
0.0145176
1
2.65834e-07
0.90547
0.935632
0.875475
2.89098e-05
0.00795134
0.0157944
0.941696
0.595532
0.77378
0.373462
0.940936
0.960489
0.853786
0.776032
0.000482803
0.00326043
0.972525
0.908185
0.995078
0.887273
0.965978
0.994353
1.77519e-10
0.891169
5.65384e-08
0.526183
0.00237269
0.999995
0.89911
0.957649
0.861595
0.00736765
0.0287763
0.937361
0.00226987
0.91191
0.8731
0.494442
0.965474
0.99952
0.0192203
0.910927
0.00491413
0.027259
0.402729
0.413772
0.457073
0.620325
4.84998e-06
0.397202
0.000481385
0.294734
0.00710889
0.261416
0.99989
0.888193
0.0188265
0.969301
0.404426
0.998235
1
0.729547
0.0992779
0.965499
0.276923
0.963857
0.488474
0.505167
0.376681
0.00833691
0.357835
0.0487516
0.159375
0.991575
0.236703
0.93571
0.00679092
0.305346
0.0529435
0.0306064
0.339748
2.33808e-06
0.00139425
0.536783
0.997494
0.562609
0.46469
0.973567
0.877131
0.985535
0.569886
0.0121105
0.940422
0.0194927
0.996487
0.000933427
0.933534
0.000634085
0.0164579
0.999986
0.068268
2.12877e-05
0.353574
0.14092
0.947032
0.824293
0.243529
0.0284476
0.00251379
0.683935
0.996965
0.556764
0.0801155
0.853775
5.57265e-05
0.0110267
0.028527
0.00733015
0.493551
8.06537e-06
0.994379
0.878555
0.753598
0.0329705
0.055705
0.569529
0.956204
0.999095
0.923381
0.88368
0.250265
0.750874
0.992743
4.00945e-07
0.842362
0.928056
0.35436
0.000932114
0.769898
0.0128015
0.185548
0.0569337
3.73523e-05
0.591349
0.874454
0.373722
0.999981
0.996324
0.996813
0.00345138
0.025451
0.900246
0.804681
0.0143148
0.999846
0.519934
0.998913
0.997742
0.293995
0.0460585
0.511555
0.412894
0.999956
0.757828
0.0817739
0.0233522
0.994019
0.0154665
0.959303
0.230953
0.342428
0.0444071
1.96953e-05
2.91624e-05
0.999185
2.03334e-06
0.928843
0.823536
0.734727
0.00830158
0.746177
0.0643965
0.606003
0.991766
0.500072
0.995842
0.0271255
0.11461
0.999861
0.0283225
0.110351
0.967441
0.998943
0.98215
0.951963
0.245027
0.0138632
0.998701
0.425352
0.00169849
0.00362412
0.0398175
0.218984
0.994869
0.966505
0.879213
1.76465e-07
0.72998
5.97486e-07
0.17632
0.999987
0.00569116
0.533734
0.172007
0.849988
0.00444132
0.269529
0.00934599
0.940836
0.970177
0.541284
0.626986
6.81061e-05
0.0666562
0.941136
0.966032
0.927404
0.67337
0.0783863
0.965684
0.995314
0.895349
0.998223
0.998007
0.0801072
0.000203708
0.331242
0.856079
0.999624
0.997715
0.00246329
0.0911126
0.91309
0.998731
0.995173
0.987147
0.0578088
0.703788
0.00245045
0.257013
0.0248161
0.0613765
0.645894
0.190536
0.00423071
0.639917
0.0462586
0.982368
0.298433
0.745016
0.441492
0.96464
0.15927
0.0408953
0.714954
0.988473
0.999546
0.817121
0.981325
0.642137
0.9999
0.0804916
7.7474e-05
0.465262
0.9968
0.436588
0.462504
0.000112859
0.979229
0.912301
0.0522033
0.833107
0.0630791
0.318828
0.886591
0.593979
0.183547
0.00148184
0.882683
0.0987768
0.408638
0.66771
0.884603
0.448213
0.043997
0.651394
0.974789
0.647033
0.00629554
0.00696995
0.68044
0.92058
1.91031e-06
0.00636986
0.8687
3.8025e-06
0.208188
0.0385826
0.710099
0.201728
1.11803e-05
0.902056
0.554239
0.97114
0.863831
0.992865
0.10869
0.00191085
0.999389
0.999812
0.00431659
0.999946
1.33774e-08
0.0292858
0.0401431
0.00514144
0.313875
0.0888903
0.812814
0.455948
0.944554
0.819847
0.85291
0.135365
0.976127
0.610905
0.0140394
0.9598
0.060258
0.130395
0.987187
0.689182
0.00687849
0.928919
0.209831
8.95076e-07
0.00964876
0.998609
0.0738361
0.629392
0.92611
5.48277e-05
0.994147
8.03198e-05
0.193651
0.309371
0.998657
1.11943e-05
0.0211969
0.461601
0.445731
2.21182e-07
0.000929214
0.298942
0.949822
0.382445
0.999999
0.90522
0.99699
0.042264
0.486837
0.0239656
0.131992
0.992879
0.134156
0.999817
0.0238374
0.975696
0.999883
0.944926
0.997783
0.950484
0.999127
0.707442
0.327303
0.732076
0.324342
0.210069
0.294521
0.280068
0.00522326
0.99867
0.999996
0.258802
0.0101561
0.977374
0.995397
7.59586e-05
0.166366
0.718636
0.668594
0.0117614
0.602982
0.918887
0.804488
0.929036
0.820272
0.93856
0.88645
0.00174072
0.988328
0.487043
0.967927
0.69367
0.328218
0.142962
0.844258
0.827475
0.785648
0.29551
0.0259942
0.376924
0.865905
0.992627
0.838409
0.972814
0.000517498
0.00428105
0.000293464
0.983867
0.998984
0.400758
6.72337e-08
0.172307
0.0438022
0.552629
0.747599
0.00563159
0.00129632
0.99966
1.73568e-07
0.000347113
0.0313975
0.00277059
0.929503
0.471325
0.75446
0.999919
0.505695
0.938771
0.397979
0.717813
0.370932
0.531133
0.0077497
0.997932
4.11544e-06
0.340398
0.934626
0.120493
0.00469903
0.50612
0.846576
0.985996
0.666946
0.703841
0.168374
0.971
0.99369
0.00227369
0.99848
0.0154347
0.497205
0.996509
0.00167114
0.565592
0.884506
0.0152719
0.999849
0.0513735
0.866747
0.194281
0.752508
0.964108
0.0540506
0.00621269
0.947722
0.953342
0.0017292
7.62566e-05
0.215768
0.000825343
0.942906
0.211101
0.000982674
0.00093448
0.810949
0.00121284
0.447246
4.59832e-05
0.999414
0.207878
0.955902
0.159612
0.000307228
0.410852
0.638
0.596731
0.865003
0.982585
0.0003461
0.0621878
1.53016e-06
0.758338
0.00773778
0.687335
0.000966483
0.990886
0.00543388
0.942805
0.644084
0.00204179
0.00014612
0.9334
0.915806
2.37475e-05
0.00811971
9.94648e-05
0.860362
0.382173
0.0974023
0.99942
0.83475
0.437214
0.997755
0.687135
0.991568
0.0249773
0.1635
0.000117008
0.131973
0.00174859
0.573986
0.0325296
0.000293093
0.82468
0.0907637
0.953948
0.795884
5.58106e-05
0.695803
0.0275861
0.0870194
0.884927
0.0290066
0.673133
0.136644
0.346193
0.131115
0.990978
0.94437
0.941826
0.0101851
0.800803
0.152504
0.26939
0.000311769
0.729192
0.949098
0.587512
2.74815e-05
0.625758
0.978036
0.77448
0.583362
0.998222
0.00265412
0.993255
0.981864
0.909823
0.873203
0.253425
0.785595
0.984906
0.564881
0.00124006
0.81657
0.0917193
0.530662
0.060349
0.908564
0.37092
0.219586
0.976071
0.986882
0.861805
0.448236
0.185149
0.711276
0.855658
0.999876
0.698633
0.0470015
0.998968
0.0103331
0.994199
0.000607597
0.000265143
0.999336
9.73824e-05
0.932449
0.994461
0.84563
0.449075
0.00167899
0.999974
0.483292
0.998801
0.000815675
1
0.969665
0.740318
1
0.989575
0.615945
0.955091
0.940051
0.866951
0.954763
0.604015
0.99999
0.363864
2.71039e-06
0.848957
0.968928
0.199249
4.38142e-05
0.0145584
0.00111504
0.999341
0.108156
0.922618
0.000870859
0.0248252
0.697121
0.399963
0.995083
0.423319
0.157031
0.999995
0.999741
3.84725e-05
0.000975163
2.02141e-06
0.725779
0.405467
0.83506
0.982312
0.926715
0.00113503
0.997114
0.406896
0.999922
0.981885
0.00169597
1
0.775137
0.996793
0.00965536
0.00935054
0.9877
0.0253179
0.000977547
0.897952
0.202518
0.903137
0.494091
0.477221
4.40781e-05
0.870372
0.498907
0.0104742
0.996473
0.0157382
0.999101
0.959123
0.969526
0.00607127
0.988594
0.929297
0.0141161
0.0235845
0.00155227
0.104428
0.953161
0.259265
0.999992
0.0407404
0.736827
0.539214
0.148609
0.653611
0.112403
0.411329
0.706898
0.983666
0.771734
0.000111172
0.243087
0.238901
0.741088
0.276292
0.135755
0.199873
0.818651
0.905612
0.00093384
0.517802
0.999363
0.912625
0.000695459
0.606085
0.00195807
0.94933
0.981992
0.824007
0.000125674
0.728092
0.977531
0.18342
0.996619
0.88207
0.902201
0.174712
0.978827
0.998758
0.00285852
0.977841
0.683559
0.621776
0.214672
0.349848
0.836373
5.6495e-08
0.0400313
0.938766
0.996827
0.955241
0.999933
0.0681292
0.759475
0.00653185
0.000290788
0.258048
0.931001
0.733607
0.930125
1.46662e-06
0.0405842
0.000267449
0.993414
0.428482
0.0302507
0.955983
0.00431927
0.930334
0.926908
0.493925
0.0327055
0.862348
8.33295e-08
0.00146324
0.999848
0.87022
0.996903
0.2927
0.987563
0.151999
0.985439
0.663873
0.999997
0.931421
0.524603
0.703784
0.000791111
0.995784
0.795232
0.57785
1
0.795742
0.481733
0.90346
0.000402012
0.00566658
0.993291
1
0.000382329
0.00205633
0.641598
0.376181
0.00428661
0.999959
0.729967
0.924926
0.0124403
0.948267
0.850341
0.544901
0.00331821
0.961889
5.18882e-07
0.851782
0.723295
0.475732
0.171756
0.753107
0.117152
0.395456
0.0148154
0.567222
0.814878
0.569411
0.136017
0.529646
0.142954
0.556074
0.772326
0.64336
0.995712
0.0814402
0.884995
0.505664
0.00993865
0.509799
0.327861
0.56146
0.967408
0.766835
0.356902
0.995266
0.267599
0.31581
0.66529
0.423076
0.998758
0.99485
0.758218
0.036437
0.770346
0.970348
4.76404e-06
0.848763
0.896259
0.916145
0.000100895
1.20165e-06
0.836178
0.983104
0.999333
0.534846
0.751534
0.00333728
0.000669571
0.000114414
0.00261318
0.0535952
0.989685
0.645787
0.65144
0.944139
0.999966
0.00734769
0.998418
0.701461
3.21709e-09
0.000953086
0.000781171
0.611802
0.12506
0.940383
0.0051697
0.974608
0.855249
0.00250167
0.0308834
0.99517
0.909316
0.973665
0.808265
0.536698
0.00114774
0.998812
0.222826
0.040571
0.0583824
0.991737
0.852305
0.0329284
0.964948
0.360662
0.467174
0.0345354
0.416362
0.124697
0.494978
0.0224445
0.431904
0.979784
0.981044
0.000869384
1.22288e-06
0.861105
2.92408e-07
0.00541918
0.335248
0.0613135
0.387717
0.00548761
0.93438
2.08238e-05
0.92447
0.36661
0.00658768
0.600663
0.449138
0.897331
0.00026702
0.972407
0.97318
0.659584
0.619503
0.999776
0.243278
0.802052
0.906003
0.376245
0.975724
0.921804
0.556086
0.4673
0.0611718
0.320248
0.869016
0.763069
0.74028
0.891866
0.575386
0.998798
0.667394
0.996001
0.894264
0.999518
0.000401791
0.0285266
0.00104614
0.706025
0.000590139
0.604755
0.777575
0.00342974
0.00105183
0.99995
0.00042538
0.0842697
0.327439
0.995096
0.377049
0.213721
0.874536
0.999846
0.00208251
0.0938062
0.998684
0.736704
0.779003
0.183278
0.936956
0.507036
4.16717e-05
0.0135405
0.916607
0.116083
0.582484
2.0227e-06
0.135953
0.904555
0.997248
0.93264
0.41746
0.989668
0.932945
0.970518
0.0229789
0.999998
0.968715
0.416598
0.305661
0.971675
1.87169e-06
0.721653
0.985307
0.225515
0.565278
0.118857
0.552073
4.29699e-05
1.45895e-05
6.8706e-05
0.569806
0.214225
0.0118161
0.116497
0.00545546
0.914293
0.983297
0.993406
0.0158056
0.529533
0.297473
5.92182e-08
0.00184701
0.489324
0.602949
0.722531
0.997424
0.220755
0.936769
0.4662
0.599055
0.877092
0.201694
0.682063
0.897358
0.981971
0.579038
0.390579
0.943339
0.00908205
0.991861
0.572632
0.296693
0.350569
7.49088e-08
0.998422
1
0.0839493
0.912655
0.00101972
0.205802
0.567098
0.0125918
0.998294
3.24793e-07
0.975323
1.83839e-05
0.432961
0.976714
0.430647
0.421048
0.932228
0.711494
0.929852
0.910703
0.976284
0.164093
0.127595
0.0304298
0.448592
0.999585
0.944967
0.376288
0.291546
0.125539
0.035979
0.891055
0.862512
0.823373
0.184909
0.344236
0.165548
0.48443
0.507644
0.0157505
0.849331
0.946244
0.69458
0.97141
0.0961269
0.978833
0.838596
0.0030544
0.559239
0.572985
0.947281
0.99652
0.00225848
0.121807
0.982584
0.993175
0.000230805
0.0268851
0.71836
0.278667
0.994989
0.446761
0.728232
0.00587149
0.00611427
0.933095
0.617623
0.608962
0.629235
0.996716
0.999216
0.999333
0.0439995
0.526014
0.18787
0.2252
0.999994
0.344329
0.933838
0.919685
0.900666
0.0905817
0.854304
0.923424
0.9284
0.998643
0.788034
0.500408
0.00397897
0.722404
0.00250411
0.733596
0.980736
0.416907
0.999679
0.892379
0.00281144
1.23447e-09
0.00846438
0.00161084
0.957158
0.686637
0.321923
0.307835
0.52572
0.31462
0.00593546
0.178212
0.654712
0.0547213
0.999985
0.83976
0.00056144
0.669757
0.200473
0.986504
0.186604
0.00480519
0.999994
0.179167
0.999508
0.985462
0.499117
0.913892
0.000159434
0.648267
0.916161
0.584298
0.999051
0.999992
0.0920692
0.975191
0.0239989
2.35396e-05
0.975835
0.257268
0.000630357
0.0437171
0.996465
0.0969044
0.137635
0.887676
0.000264735
0.830146
0.00311665
0.00409752
4.17435e-05
0.727811
0.00517524
0.968335
0.0677006
0.975459
0.431904
0.205819
0.0888785
0.921522
0.00635208
0.999958
0.74379
0.00756631
0.999105
0.409415
0.218181
0.0231563
0.624534
0.0467188
0.00019789
0.639266
0.00052325
0.999903
0.999947
0.000410044
0.00202913
0.769767
0.998791
0.999721
0.305313
0.600606
0.66817
0.904402
0.880508
0.471988
0.000403122
0.185389
0.99025
0.0875634
0.231296
0.0335443
0.957464
0.049371
0.720596
0.388812
0.998171
0.675347
0.47438
0.46348
0.858333
0.83432
0.253336
0.969196
0.189736
0.560786
0.505403
0.0225581
0.940043
0.00352347
0.00410164
0.999999
0.552804
0.958899
0.99539
0.599054
0.925937
0.00462585
0.240913
0.135621
0.977087
0.0375364
0.000136469
0.0698041
0.124542
0.134001
0.992307
0.229078
0.9729
0.22306
0.706473
0.689497
0.00213019
0.999912
0.000673838
0.985734
0.246489
0.0127466
0.636745
4.54037e-06
0.116564
0.992007
0.99999
0.224629
0.998529
0.979957
0.502899
0.996223
0.000393519
0.564411
0.0197812
0.988064
0.141044
0.989568
0.629742
0.0092725
0.987514
0.93685
0.123229
0.996905
0.018128
0.860431
0.424363
0.982414
0.860385
0.607611
0.847264
0.000444768
0.687888
0.0839135
0.00304595
0.987286
0.000834444
0.00427622
0.999985
0.99889
0.835928
0.0127952
0.326748
0.984333
0.0440419
0.707525
0.538795
0.00628508
0.868699
0.399923
0.222382
0.00885704
0.369631
0.99681
0.35707
0.647291
0.00217668
0.00272647
0.705683
0.702794
0.928172
0.128377
0.416306
0.996759
0.600111
0.00134349
0.99994
0.568496
0.0175839
0.0674454
0.830871
0.944171
0.153631
0.966746
1
0.000473845
0.0570472
0.993806
0.0266203
0.80117
0.905777
0.000407684
0.557958
0.710554
0.0799399
0.00196365
0.10835
0.879427
0.957671
0.936267
0.00840945
0.999997
0.504369
0.416748
0.531805
0.989776
0.997539
2.19926e-06
0.483726
0.708634
0.0614664
0.972939
0.999493
0.503588
0.261618
0.994964
0.876408
0.00757514
0.782936
0.165159
0.00105827
0.173319
0.402362
0.979903
0.408792
0.279587
0.655597
0.037006
0.999977
7.76463e-07
0.999976
0.998941
0.00603692
0.800203
0.0758644
0.999095
0.972742
0.0745199
0.853784
0.997677
0.984334
0.830826
1.1533e-08
0.25965
0.591002
0.985955
0.999853
0.12965
0.00954991
0.000161022
0.145421
0.953281
0.194325
0.00113596
9.01715e-07
0.964612
0.00701791
0.918883
0.442775
0.272215
0.362129
0.00599812
0.770546
0.952813
0.512157
0.596635
0.00700862
0.00180461
0.815496
0.941139
0.00102749
0.978897
0.999205
0.000168974
0.163823
0.789173
0.999532
0.0266671
0.99649
0.389391
0.00100862
0.0110892
0.755093
0.859162
0.988577
0.999716
0.872176
0.688747
0.0642428
0.000617815
0.93829
0.00299495
0.0291308
0.304928
0.973301
0.981334
0.0938517
0.0145783
0.865592
5.36042e-05
0.194223
0.0661015
0.00084738
0.0104364
0.986798
0.999088
0.0160355
0.0159198
0.957845
0.500663
1.55628e-05
0.933895
0.70466
0.909826
0.0253358
1.80661e-05
0.999905
0.089222
0.975948
0.656034
0.108387
0.194346
0.99998
0.000572213
0.000647535
0.804658
0.999252
0.850724
0.000205031
0.762172
0.98699
0.686479
0.554665
0.345071
0.329983
0.0761454
0.339054
0.999953
0.00353101
0.935394
0.0045729
0.997498
0.194436
0.599146
0.914916
0.963613
0.998353
0.52859
0.985458
0.982419
0.0921559
0.383496
0.195397
0.998299
0.9664
0.0873378
0.964684
0.966202
0.896624
0.999188
0.177246
1
0.496045
0.991219
0.670996
0.601292
0.00941667
6.63432e-06
0.984864
0.0841491
0.797715
0.108662
0.579468
0.0068195
0.893807
0.461963
0.585053
0.000325374
0.85946
0.495724
1.4302e-10
0.996544
0.967902
0.985319
0.993106
0.203526
0.797576
9.16171e-06
0.977285
0.0101868
0.995472
0.262291
0.872167
0.968285
0.999194
0.983271
0.875946
0.0176844
0.207485
0.356032
0.925815
0.0323149
0.394848
0.711304
0.999999
0.913122
0.976009
0.980506
0.392351
0.0255287
0.649681
1.01322e-05
0.998963
0.0341027
0.937865
0.0130521
0.00217433
0.020243
0.979212
0.449683
0.991431
0.583675
0.641332
0.0237585
0.862387
0.018412
0.51308
0.996929
0.969908
0.416122
0.0994597
0.0905137
0.999913
0.963827
0.12172
0.0951077
0.00155005
0.980208
0.999023
0.957033
0.140011
0.996113
0.99105
0.851003
0.0409958
0.561261
0.00657876
0.753034
0.977126
0.998589
3.80328e-05
0.836926
0.1627
0.99932
0.25193
0.994483
0.62301
0.000551841
0.997838
0.00978258
0.999056
0.314415
0.765881
0.0075936
0.626641
0.971032
0.986492
0.935457
0.922122
0.990159
0.021167
0.523391
0.758703
0.654122
0.999992
5.27722e-05
0.170933
0.140512
0.000632682
0.131283
0.000279266
0.870673
0.728498
0.245468
0.774707
6.54259e-06
0.00263998
0.411002
0.503836
0.940029
0.537432
1
0.999817
0.00991574
0.00783554
0.0764205
0.0695847
0.999998
0.299195
0.466754
0.0223955
0.00632195
0.0286808
0.989076
0.012223
1.26795e-06
0.012414
5.66102e-05
0.99507
0.0593683
0.867887
0.687619
0.535703
0.714797
0.557897
0.00910172
0.986225
5.055e-06
0.313501
0.838356
0.825692
0.999908
0.0378295
0.977667
0.147
0.0119091
0.999902
0.442225
0.204248
0.0129999
0.188332
0.911737
0.97661
9.35711e-07
0.997707
0.557733
0.880657
0.915155
1.38846e-05
0.707994
0.878703
2.42773e-08
0.990289
0.0025135
0.0372261
0.245145
0.730573
0.000726077
0.927716
0.120685
0.559051
0.646259
0.279697
0.140708
0.900126
0.355453
0.00225246
0.707596
0.00463383
0.449762
0.00166319
0.454391
0.739446
0.0045689
0.770843
0.711982
0.745686
0.128803
0.686083
0.602319
0.72373
0.84657
0.50253
0.402605
0.997364
0.984476
0.901113
0.466331
0.0174265
0.446129
8.20952e-05
0.906306
0.265112
4.50387e-08
4.43528e-05
0.0092352
0.964434
0.642319
0.067151
0.999428
0.934175
0.000388351
0.371279
7.13861e-06
0.722971
0.98076
0.470051
0.997444
0.972963
0.999822
0.564497
0.995082
0.993872
0.2103
0.37755
0.894464
0.999981
0.821867
0.115764
0.568218
0.438285
0.99948
0.956556
0.861234
0.976943
0.999988
0.913361
0.797427
0.999996
0.983132
0.826132
0.0564399
0.0151411
0.00214432
0.358523
0.947588
0.613718
0.280447
0.0164204
0.994618
0.697437
0.5974
0.0203306
0.710285
0.998541
0.723742
0.275928
0.786192
0.0328249
1.7942e-05
0.998262
1.45366e-05
0.99999
0.54819
0.393696
0.391519
0.611163
0.970743
0.998745
0.92503
0.412078
0.99799
0.986707
0.475531
4.61745e-07
1.79576e-05
0.503348
0.986587
0.999899
0.999728
0.102639
0.935154
0.638901
0.894148
0.987074
0.998739
0.000391653
0.27507
0.681593
0.998872
0.998668
3.77527e-10
0.955562
0.00587048
0.9916
0.000561033
0.0430782
0.883702
0.390337
0.00326324
0.997732
0.00733882
0.00491504
0.712903
0.737366
0.999821
0.180126
0.947201
0.986684
0.946081
0.995757
0.999416
0.43614
7.19813e-06
0.0389903
0.995802
0.912889
0.827165
0.000241894
0.00194711
3.38674e-07
0.00672469
0.00289266
0.0424352
0.0134485
0.00244504
0.0748026
0.697943
5.58941e-05
0.997743
0.09111
0.021889
0.994013
0.526789
0.974964
0.455139
0.81482
0.978022
0.00877954
0.583688
0.98402
0.926555
0.296859
0.0223562
0.0921189
0.839453
0.0091752
0.316618
0.642866
0.200699
0.011304
0.000975452
0.649417
0.997756
0.00835962
0.169974
0.00016048
0.140802
0.392021
4.66766e-09
0.0109998
0.995238
0.962103
0.929181
0.99259
0.513863
0.187362
0.460297
0.998141
0.00231035
0.999989
0.670169
0.263745
0.0322583
0.032599
0.187298
0.810805
0.77067
0.323757
0.851697
0.999975
0.999837
0.968775
8.24016e-05
0.81395
0.970484
0.999673
0.0347413
0.999989
0.52568
0.742728
0.996612
0.0133604
0.862716
0.651642
0.999994
0.657235
0.999335
0.914388
0.05185
0.00535443
3.26108e-05
0.999345
0.495675
0.0453982
0.110671
7.51212e-05
0.0604923
0.593709
0.849574
0.999978
0.897429
0.994606
0.630052
0.999855
0.671688
0.852288
0.968456
0.674292
0.814427
0.851378
0.207375
0.166978
0.166886
0.00251725
0.0858896
0.755344
0.00990798
0.0225703
0.167714
0.00261939
0.000322985
0.000352458
0.949288
0.1532
0.195549
0.82074
0.00798603
0.952972
0.000226432
0.987624
0.998923
0.416525
0.0167602
0.0111984
4.017e-06
0.096498
0.800814
0.474112
0.800649
0.208958
0.295292
0.551734
0.410381
0.995826
1.63493e-06
0.424222
0.657719
0.0607294
0.0295201
0.0390897
3.61008e-09
0.98845
0.999872
0.503836
0.000208536
0.0541803
0.565427
0.615991
0.46788
0.962839
0.0420887
0.0256224
0.00128585
0.999732
0.13762
0.98385
0.86815
0.978214
0.751683
0.302895
0.997293
0.365292
0.954019
0.0976574
0.410703
0.713039
0.0198203
0.44091
0.992364
1.22749e-09
0.338617
0.0648924
0.990132
0.143952
0.0873067
0.97832
0.377509
0.878248
0.937922
0.00967809
0.141001
0.71472
0.104164
2.56418e-06
0.438263
0.999902
0.0235498
3.67368e-09
0.216626
0.0117401
0.369282
0.0825761
0.32721
0.00916353
0.973908
0.935767
0.919228
0.942833
0.444188
0.137538
0.0273993
0.437649
0.00193198
0.0864435
0.0352021
0.985418
0.866809
0.268362
0.00528917
0.90278
0.0453666
0.007826
7.04322e-05
0.00257004
0.781579
0.976392
0.999981
0.849667
0.0418102
0.998857
0.997577
0.793041
0.966958
0.999903
0.0479536
3.45831e-10
0.47852
0.942909
0.00254034
4.23607e-06
0.000210357
0.00278991
0.970981
0.000119157
0.840533
0.256489
0.965463
0.152192
0.780269
0.999995
0.182743
0.961849
0.251973
0.380591
0.947159
0.992567
0.000239958
0.0567703
0.00154266
0.99419
0.587593
0.999358
0.43676
0.811627
2.10262e-06
0.537322
9.2888e-08
0.98147
0.00842911
0.0758132
0.000139247
0.082855
0.269327
0.509132
0.0269807
0.154398
0.835354
0.00256414
0.0192763
0.888445
0.463987
0.00203223
0.00875537
0.999902
0.000392012
0.00124601
0.40574
0.45791
0.932894
0.000628502
0.000276544
0.0200854
0.73136
0.0579877
0.640953
0.0193777
0.0789728
0.999235
0.989536
0.983873
0.991528
1.78474e-05
2.6277e-07
0.379503
0.999992
0.025747
0.99663
0.993243
0.656841
0.508506
9.77339e-05
0.940891
0.974322
0.00883951
0.129753
0.998945
0.0211604
0.278873
0.496304
0.00167215
0.989712
0.000799825
0.000150963
0.864535
0.00296749
0.957658
0.00408649
0.995473
0.834902
0.0156957
0.0585891
0.0707284
0.83899
0.322105
0.946723
0.999868
1.91248e-05
5.015e-08
0.850588
0.876836
0.36972
0.23732
0.929534
0.362922
0.0536686
0.381612
0.14462
0.119013
0.967662
0.999993
0.000688039
0.995269
0.998459
0.559443
0.00558103
0.859178
0.105169
0.330839
0.999065
0.237547
0.999905
0.0974144
0.976686
0.642807
0.544648
0.998907
0.998781
0.99945
0.73631
0.0018755
6.79413e-10
0.981762
0.754447
0.21665
0.576094
0.00480137
0.0433404
0.891668
0.871827
0.399467
0.993602
0.977496
0.999972
0.680989
0.804323
0.609531
0.637864
0.000828862
0.0634342
0.00836331
0.855562
0.641252
0.994085
0.827639
0.905133
0.00152011
0.782848
0.219446
0.679558
0.263834
0.000276487
0.390806
0.954665
0.00431959
0.409664
0.9986
0.0403161
0.150811
0.0632205
0.145602
0.973867
0.529676
0.645661
0.809751
0.00748241
0.29153
0.000887419
1
0.0115957
0.000329718
0.449798
2.88145e-07
0.99093
0.267362
0.986638
0.00624768
0.665292
0.999894
0.0801437
0.931924
0.748699
0.0227828
0.0125219
0.372256
0.490634
0.999935
0.808292
0.00522121
0.987271
0.888122
0.866857
0.986865
0.168196
0.000184325
0.815235
0.998902
0.00250061
0.173349
0.995759
0.756661
0.992822
0.00100858
0.00011019
6.43353e-05
0.559442
0.16633
0.0185306
0.98393
0.900431
0.971243
0.00199075
0.0185412
0.00474828
0.50473
0.413501
0.191555
0.0157009
0.358465
0.888506
0.000137149
0.995373
0.264855
0.466343
0.00323647
0.299054
0.00234536
0.993154
0.980927
0.841746
0.23836
0.0579845
0.147227
0.940495
0.734986
0.0872123
0.0376679
0.0375402
0.999139
0.497195
0.00366736
0.0615397
0.236058
0.999707
0.394861
0.00789741
0.00352256
0.981771
0.0389757
0.47097
0.324675
0.483232
0.489541
0.995812
0.593458
0.998238
0.700106
0.168518
0.874804
0.0128631
0.717775
0.997484
0.0011829
0.0696954
0.394241
0.136028
0.958855
0.987282
0.307511
0.562406
0.0761535
0.981144
0.525712
0.000293227
0.999365
0.946576
0.998099
0.706083
0.189997
0.762681
0.177335
0.910877
0.959224
0.774622
0.113098
0.982097
0.0692843
0.69886
0.787261
0.948481
0.996794
0.0551457
0.954183
0.738248
0.93164
0.00121321
0.464079
3.46183e-06
0.677656
2.57621e-07
0.999997
0.599847
0.0592079
0.805866
0.000147393
0.241387
0.0266328
0.0228091
0.63139
1.89233e-05
0.16881
0.999982
0.674212
0.76442
0.717208
0.0747071
0.63382
0.995058
0.999944
0.647057
0.238381
0.923314
0.00549571
0.965407
0.00398344
0.946739
0.954505
2.11624e-08
0.748211
0.989333
0.0661961
0.999483
0.802391
0.835201
0.99743
0.0162037
0.944045
0.98248
0.981039
0.997635
0.575267
0.00339441
0.997827
0.775899
0.990874
0.327459
0.759986
8.30419e-07
0.80996
0.415043
0.228064
4.36792e-07
0.42972
0.996566
0.339511
0.520956
0.929111
0.00199063
0.88444
0.788785
0.499838
3.59478e-05
0.0270307
0.998166
0.00426599
0.987231
0.421772
0.116361
0.0212155
0.990009
0.386318
0.16941
0.808134
0.0110363
0.993261
0.922114
3.98541e-05
0.656965
5.72855e-05
0.948666
0.895113
0.402578
0.214654
0.0428788
0.975093
0.910453
0.999935
0.797108
0.58935
0.704064
0.873642
0.0268617
0.655176
0.662374
0.450901
0.996023
0.449858
0.858364
0.0006697
0.0352157
0.737439
0.999781
0.205681
0.936046
0.998274
0.0181887
0.00155245
0.309238
0.983929
0.934588
0.0111675
0.000562727
0.822582
0.00546211
0.115041
0.993506
0.994888
0.092867
0.901867
0.995865
0.975824
0.659592
0.0216256
0.686719
0.719762
0.798144
0.518243
0.00511374
0.651236
0.990901
1.6334e-07
0.967261
2.13075e-07
0.998044
0.872651
0.00050603
0.994164
0.603834
0.565534
0.999976
0.599822
0.999923
0.636789
0.481514
0.185421
2.4625e-05
0.9913
0.916026
0.97781
0.0785732
0.921164
0.0254651
0.227924
0.000481543
0.967921
0.655422
0.999999
0.341828
0.918293
0.154948
0.999999
0.000155614
0.997706
0.999239
0.760366
0.999901
0.0186605
0.995239
0.856611
0.414231
0.99936
0.999737
0.000198185
0.0273877
0.0241584
0.999994
0.0303242
0.00888996
0.999922
0.713884
0.340342
1
3.30328e-08
0.860947
0.861446
0.129758
0.889738
0.996946
0.136983
0.0916924
0.642761
0.624698
0.155597
0.787843
0.979183
0.721724
0.000401056
0.538886
0.996477
0.485767
0.46346
0.0128916
3.47251e-05
0.999301
0.0292438
0.766823
0.580409
0.58461
0.343313
0.999996
0.968648
0.600771
0.847078
0.0977576
0.0440985
0.977706
0.991514
0.921168
0.097015
0.158652
0.46253
0.953346
0.730581
0.735554
0.00344348
0.775212
0.123527
0.896853
0.274576
0.00335676
0.832765
0.942589
0.561682
0.965756
0.10018
0.405875
0.0542739
0.928989
0.982286
0.96689
0.0145731
0.370128
3.7352e-05
0.99982
0.0284017
0.743152
0.507601
0.00136938
0.016191
0.683019
0.00760978
0.851499
0.00451354
0.979984
0.0388398
0.980433
0.997591
0.812036
0.429968
0.393164
0.292147
0.119892
0.949745
0.564825
0.00212188
0.00432378
0.972206
0.0558119
0.608868
0.993494
0.0752271
0.811346
3.02482e-06
0.669949
0.99161
0.9909
0.197759
0.00193237
0.917359
0.060908
0.960465
0.97657
0.738153
0.00316438
0.0414757
0.283853
0.46389
0.98741
0.592042
0.962074
0.996283
0.976128
0.99998
3.28572e-06
0.00545464
0.980235
0.00635519
0.494635
0.324544
0.99616
0.663137
0.370319
0.0407351
0.0971767
0.617934
0.999848
0.919524
0.542546
0.0174358
0.270691
0.615427
0.977247
0.595728
0.53813
0.0287158
9.57693e-05
0.0036116
0.630059
0.999329
0.0046103
0.999988
0.688973
2.53934e-06
0.686292
0.65989
6.41367e-06
0.0340875
0.996611
0.645662
0.137928
0.999856
0.0639784
0.990606
0.0138323
0.119091
0.999943
0.0259328
0.459777
0.990889
0.0129518
0.00486303
0.872271
0.585667
0.51023
0.390055
0.645519
0.791141
0.00378888
0.999997
0.59211
0.00342389
0.00664349
0.998229
0.000252517
0.000169199
0.762097
0.00639651
0.904216
0.88616
0.849372
0.627815
0.184411
0.999041
0.135642
0.756802
0.985021
0.0180962
0.184274
0.997646
0.239149
0.996575
1.44171e-07
0.935358
0.987433
0.680608
0.674529
0.381621
0.0575741
0.0252253
0.726882
0.149134
0.998002
0.220499
0.252405
0.000986421
0.00347046
0.0135652
0.636583
0.348328
0.971559
0.941559
0.536826
0.0263979
0.41279
0.998658
0.949817
0.999705
0.983335
0.00017577
0.961856
0.0753876
0.0800725
0.00841075
0.577675
0.958495
0.180493
0.849149
0.995311
0.151224
0.999999
0.0943764
0.904141
0.3351
0.0148666
0.555799
0.999649
7.89427e-07
0.914773
0.387283
0.000657475
0.497148
0.0043759
0.906108
0.292179
0.847077
0.0639727
0.658544
0.0901531
0.0141131
0.49838
0.786224
0.375097
0.0141005
0.250226
0.000136507
0.992799
0.000719532
0.134048
0.39881
0.580387
0.140676
0.967062
0.935205
0.98535
0.224278
0.145462
0.0016212
0.788917
0.483528
0.0368332
0.272808
0.608518
0.967866
0.0900564
0.18075
1
0.541228
0.986389
0.999984
0.199749
0.028207
0.311403
0.861598
0.999858
0.933275
0.00947023
0.752711
0.116694
0.275265
0.000879869
0.981876
0.984097
0.999397
0.999165
1
0.140747
0.000623885
0.774529
0.00034485
0.427463
0.915576
0.464266
0.000368927
0.119977
0.107977
0.994286
0.894302
0.000523894
0.000327047
0.905926
0.752435
0.999999
0.15137
0.950688
0.75074
0.039231
0.173112
0.95645
0.0685119
0.354731
0.763075
0.258769
0.996934
0.925754
0.999977
0.00687418
1
0.999998
0.000819122
0.00251124
0.89671
0.00258913
0.345059
0.000241861
0.00381465
0.999825
0.261893
0.492324
0.939245
0.974608
0.989725
0.724761
0.0807963
0.582888
0.395916
0.995562
0.244845
0.297166
0.999905
0.402863
0.999991
0.999996
0.0689966
0.0534193
0.0031308
0.944
0.000521569
0.993059
0.092485
0.0207201
0.385333
0.000205973
0.0244346
0.920973
0.0630395
0.214395
0.00108205
6.10135e-08
0.593814
0.98884
0.986377
0.750506
0.745052
0.0977968
0.552346
0.794581
0.976547
0.512718
0.964924
0.501366
0.992243
0.239698
0.550054
0.264793
0.00330866
0.601834
0.928
0.999104
0.991891
0.948892
0.999997
0.0775725
0.999997
0.0170699
0.854453
2.65171e-05
0.62957
0.999545
0.720975
0.224351
0.504898
0.0197241
0.000894446
0.829639
0.997632
0.734425
0.0214037
0.999988
0.768532
0.466815
0.000904714
0.215926
0.640807
0.63555
0.00322402
0.326008
1.76751e-05
0.0318651
0.999942
0.00848132
0.559609
0.998636
0.769815
5.46192e-06
0.446462
0.0144582
0.300456
1.05825e-07
0.00591485
0.318178
0.492465
0.0358066
0.97204
0.99799
0.999689
0.50506
0.294796
0.447657
0.992689
0.988905
0.996518
0.399176
0.999063
1.34984e-05
0.174492
0.488411
0.980133
0.276133
0.999631
0.999541
0.0297066
0.656319
0.710492
0.0311638
0.998297
6.6763e-05
0.797082
0.820355
0.424384
0.999825
0.612251
0.00588534
0.992873
0.550677
0.206309
0.948469
0.0384668
0.849586
0.798241
0.00014467
0.000429419
0.847522
0.151137
0.981086
0.555528
0.000563863
0.809006
0.065042
0.999887
0.612278
0.955356
0.737496
0.976932
0.850453
0.88473
0.814389
0.129114
0.868093
0.000965187
0.973033
0.977599
0.992836
0.0103009
0.987957
0.999646
0.0049857
0.870798
0.694411
0.605139
0.123968
0.930497
0.601095
0.931288
0.711209
0.789017
0.786755
0.00640304
0.803898
0.0011665
0.609589
0.0036902
0.777277
0.377181
0.0103089
0.806496
0.964
0.139478
0.569901
0.956657
0.000348994
0.000251507
0.480861
0.0598053
0.99867
0.999691
0.985476
0.907365
0.0120347
0.87738
0.789515
4.33182e-10
7.74641e-05
0.00162612
0.954598
0.298964
0.705122
0.963515
0.00103879
0.954786
0.999998
0.956126
0.355839
0.943336
0.0727611
0.894494
0.0889953
0.204373
0.739502
0.988079
0.00778401
0.0210819
0.10378
6.32122e-06
0.95334
0.00190697
0.425311
0.976405
3.4143e-05
0.474131
0.776592
0.55953
0.826883
0.429216
0.418212
0.0246647
0.0241991
0.999798
5.80063e-05
0.594867
0.0859866
0.710002
0.0260122
0.996143
0.993773
0.994127
0.832728
0.0485954
0.995267
6.76309e-05
0.237018
0.540581
0.0025044
0.999916
0.00045446
0.0166195
0.912178
0.861983
0.0462439
0.858253
0.999852
0.184102
0.998745
0.985531
1
0.983078
0.245356
0.783312
0.570682
0.000776228
0.505326
0.835368
0.304142
0.126091
0.4104
0.304805
2.62906e-06
0.752066
0.951388
0.000212107
0.999986
0.112614
0.195324
0.944411
0.798873
0.850479
0.0193194
0.996574
0.659646
0.0213394
0.0491869
0.844627
0.999563
0.109371
0.214353
0.15434
7.93753e-07
0.101372
0.729611
0.624281
0.464367
0.288433
0.957274
3.59554e-08
0.0190749
0.984985
2.18821e-05
0.0193738
0.817803
0.991947
0.687294
0.709639
0.377117
0.999131
0.939868
0.153851
0.549105
0.860837
0.990255
0.00749456
0.850565
0.307184
0.000405189
0.994364
0.437166
0.0650346
0.000147177
0.973213
0.869285
0.360605
0.951453
0.999823
0.342246
0.000135157
0.996848
0.750861
0.99998
0.48321
0.379872
0.949259
0.328726
0.0114034
0.844853
0.640238
0.99854
0.122834
0.000160041
4.67877e-07
0.967371
0.543328
0.855891
0.889906
0.0335447
0.9816
0.946506
0.973675
0.999258
0.714637
0.787029
0.999853
0.473297
0.116414
0.0233454
3.13104e-05
0.113038
0.999701
0.0173731
0.360522
0.844337
0.240802
0.920622
0.0113018
0.946147
0.952367
0.998856
0.909938
0.997782
0.985484
0.614252
0.000259258
0.802231
0.0134977
0.149834
1
0.503004
0.397584
0.985514
0.999993
0.00103351
0.402399
0.74498
0.9991
0.156835
0.454905
0.0217125
0.000245467
0.000725033
0.639446
0.997543
0.00913742
0.834726
0.0413065
0.924781
0.600993
0.831453
0.580753
0.908209
0.535874
0.0295316
0.139463
0.0359492
0.99951
0.995477
0.994588
0.997091
0.055013
0.0299604
0.094164
0.0629066
0.993766
0.998093
0.965964
0.967275
0.234446
5.15432e-08
0.991182
0.996759
0.174624
0.918946
5.81421e-06
0.9826
0.414073
0.1134
0.820525
0.702825
0.895504
0.437719
0.656764
1
0.842861
0.297677
0.949999
0.651658
0.078363
0.552887
0.412124
0.713045
0.807245
0.992416
0.297876
0.199007
0.00287602
0.979068
0.574478
0.426224
0.587337
0.999964
0.988147
0.00256888
0.624227
0.55688
0.146668
0.0703677
0.0931825
0.835719
0.864443
0.994986
0.958602
0.738637
0.177922
0.460892
0.975728
0.926678
0.443124
0.833607
0.0653099
0.00955998
0.972214
0.957659
0.765351
0.00780716
0.924173
0.0799113
7.51701e-06
0.107927
0.00810235
0.999713
0.876425
0.40045
0.00425963
0.000136354
0.99758
0.0265121
0.86199
0.614246
0.587326
0.62945
7.06978e-05
0.0394732
0.763785
0.99996
0.972751
0.218378
0.0505144
0.000189662
0.999633
0.223454
0.000361223
0.415459
0.0157949
0.284325
0.821295
0.999827
0.305159
0.0399196
0.00333117
0.996845
0.99858
0.963843
0.911794
0.999577
0.000450944
0.615892
0.480812
8.65739e-06
0.591489
0.611925
0.775296
0.944323
0.233069
0.54961
0.613721
0.902914
0.0245537
0.00559126
0.752102
0.00134111
0.000529335
0.271627
0.0058559
0.999439
0.639359
0.183878
0.999925
0.999961
0.171367
0.034481
0.119137
0.410734
0.381366
0.0701425
1
0.396552
0.000945063
0.547218
0.00731858
0.0328379
0.98047
0.87389
0.933616
0.385849
0.0719899
0.0042233
0.82027
0.989303
0.842017
0.00197386
1.72387e-06
0.0159575
0.956216
0.16827
0.0295404
0.979828
0.996742
0.427009
0.103221
0.764289
0.977973
0.717308
0.0016219
0.00122987
0.209656
0.953488
0.68416
0.913394
0.00854169
0.691756
0.41358
0.0518304
0.946924
0.147478
0.993417
0.900839
0.923654
0.842017
0.771883
0.00441553
0.210366
0.0755582
0.0671429
7.99654e-06
0.48685
0.0695783
0.237192
0.954848
0.633734
0.6982
0.60665
0.842791
0.609216
4.73173e-07
0.00162161
0.810589
0.803604
0.997221
0.0323807
0.499646
0.990464
0.921413
0.99402
0.00906697
0.999255
0.52117
0.732347
0.0431812
0.057063
0.933792
0.00184224
0.00276516
0.910778
0.994178
0.999998
0.999827
0.0239485
0.133837
0.64399
0.425838
0.490554
0.299071
4.03057e-06
0.238736
0.999713
0.995843
0.997853
0.296323
0.997801
0.993371
0.190622
0.999577
0.874445
0.914052
0.0066598
0.000311435
0.247703
0.998834
0.998864
4.8704e-07
0.000794304
0.956411
0.00555654
0.00474298
0.783506
0.479792
0.0117956
0.932653
0.757457
0.800912
0.999988
0.998265
0.527731
0.998459
0.0595721
0.0747135
0.00821424
0.888936
0.00612271
0.427366
0.893886
0.954622
0.0076245
0.952543
0.948786
0.847322
1.03716e-05
0.998618
0.967131
0.580785
0.510426
0.84599
0.718201
0.99994
0.304298
0.999322
0.0799354
0.054434
0.994809
0.0204461
0.0118962
0.941957
0.999593
0.028766
0.969653
0.2574
0.674293
0.994357
0.0561743
0.999017
0.000246167
9.4924e-06
0.753893
0.999622
0.995175
0.999641
0.997624
0.982311
0.842426
0.46005
0.956062
2.25576e-05
0.000242393
7.69176e-06
0.999666
0.492076
0.999851
0.618611
0.823899
0.000142645
0.580638
0.0423532
0.999655
0.998827
0.845181
0.94781
0.294537
0.968997
1.05178e-05
0.593455
0.0440863
0.374317
0.365715
0.111698
0.120277
0.00688464
0.488353
0.976578
0.995102
0.440695
0.351885
0.400165
0.580585
0.132384
0.894442
0.058663
0.99871
0.967624
0.489056
0.0074779
0.81717
0.577231
0.822738
0.239866
0.006814
0.000424858
0.999842
0.99998
4.21303e-05
0.904426
0.00247872
0.780002
0.0982661
0.994817
0.337531
4.4676e-05
0.677282
0.0178062
0.979802
0.991825
0.0310149
0.928744
0.1172
0.99035
0.380615
0.00109741
0.084073
0.694698
0.00127496
0.787915
0.999894
0.0604241
0.130385
2.50603e-08
0.593189
0.985331
0.906257
0.72411
0.991834
0.000200876
0.000111559
0.175593
0.00732477
0.445947
0.0285727
0.258927
0.312164
0.924397
0.841003
0.595191
0.985733
0.000102801
0.733402
6.27841e-05
0.0162583
0.000285435
2.30178e-05
0.0158967
0.00235297
0.252686
0.464459
0.000892483
0.000339478
0.380231
0.236969
0.79443
0.704318
0.581812
0.99991
7.6955e-07
0.964335
0.998606
0.995664
0.0133653
0.104317
0.556395
0.693726
0.000217836
0.0776964
0.395259
0.946995
0.541848
0.0114089
0.742365
0.00109028
0.401056
0.00263685
0.00279321
0.0867358
0.606307
0.896724
0.702748
0.962691
1.35051e-06
0.441651
0.90058
0.999327
0.918945
0.767338
0.974862
0.0743051
0.000175109
0.99999
0.803247
2.24213e-06
0.27209
0.819079
0.543701
1.09223e-09
0.318961
0.0236882
0.439003
0.467296
0.00103499
0.0816604
0.929553
0.478648
0.960833
0.999999
0.968638
0.695645
0.0123637
0.998837
0.00198585
0.131729
9.34537e-10
0.00360625
0.96228
0.302547
0.00206309
0.999795
0.999995
0.185424
0.666272
0.962366
0.82968
0.79587
0.451893
0.0183993
0.00459706
0.085217
0.00107922
6.15582e-06
0.0452786
0.993066
0.855439
0.344462
0.509268
0.425794
0.0164707
0.00120305
0.998633
0.00727877
0.622096
0.835302
0.478764
0.944175
0.0388951
0.999962
0.20801
0.433736
0.156419
0.0985877
0.788381
0.008942
0.755734
0.00160795
0.506653
0.0285871
0.994879
0.928693
1
0.787649
0.726733
0.851926
0.953209
0.000394946
0.0001135
0.999506
0.999958
0.00276494
0.958808
0.207244
0.549058
0.632167
0.445067
0.999414
0.999683
0.797912
0.0920701
0.0165225
0.998825
0.0186263
0.079133
0.571603
0.117055
0.546671
0.0330446
0.0677812
0.983057
0.872785
0.128615
0.646267
0.99973
0.999993
2.20018e-05
0.995857
0.0327675
0.40228
0.999334
0.889272
0.218669
0.957732
0.158516
0.379975
0.0504054
0.999971
0.923843
0.955956
0.828848
0.789874
0.996176
5.59933e-11
0.415061
0.996309
0.985092
0.999388
0.137167
0.999378
0.00271269
0.0547747
0.695361
0.996028
0.422551
0.000175091
0.589815
0.54096
0.0116767
0.484203
0.0316375
0.3548
0.481579
0.998084
0.283691
0.941976
0.997932
0.095731
0.882498
0.0453334
0.99991
0.276311
0.769349
0.576299
0.0454248
0.307457
0.999209
0.0044097
0.0734834
0.204293
0.00223118
0.151954
0.800381
0.0274358
0.972176
0.988217
0.235742
8.193e-05
0.999999
0.763558
0.00664699
0.378998
0.00510727
0.688355
0.00177677
0.0705529
0.999914
0.579596
0.0202802
0.619597
0.995134
0.992423
0.934469
0.999687
0.76926
0.0342907
0.360247
0.999349
0.990627
0.567213
0.127284
0.807518
0.658777
0.554367
0.8455
0.970627
1.06735e-05
0.38274
0.229696
0.0865785
0.00613104
0.869429
0.928529
0.00537887
0.000264131
0.208983
0.0916431
3.25471e-06
0.0166214
0.76538
0.890868
0.177086
0.0702962
0.00183118
0.364516
0.114001
0.0238791
0.000105552
0.409217
0.91269
1.02045e-05
0.0005961
0.999668
0.651446
0.99978
0.909978
0.999844
0.177182
0.401755
0.923517
2.22654e-07
0.999694
0.000955696
0.829519
0.496589
0.220401
0.773822
0.00372732
0.941528
0.324648
0.782105
0.999974
0.914011
0.474024
0.57219
0.884076
0.876021
0.345423
0.929896
0.00542665
0.363269
0.750519
0.0877503
0.118208
5.53025e-09
0.996493
0.977041
0.657916
0.956056
0.99999
0.00191473
0.959819
0.958972
0.769854
0.635952
0.0121623
0.11751
1.39549e-06
0.00303564
0.99543
0.853893
0.728291
0.999509
0.797082
0.625583
0.496102
0.983022
0.999684
0.429448
0.979024
0.00100231
0.00286241
0.911217
0.350932
0.996481
0.196297
0.396444
0.000722321
0.000888163
0.303733
0.987769
0.827131
0.906317
0.987998
0.246034
0.135055
0.929505
0.000154408
0.882605
0.966599
7.90603e-07
0.997563
0.818008
0.85557
0.000196254
0.719581
0.00739707
0.919224
0.00411042
0.00208915
0.175176
0.152504
0.895393
0.279919
0.000193336
0.999876
0.438137
0.97881
0.284211
2.13777e-08
1.31587e-05
0.99996
0.675111
0.766721
0.031561
0.950077
3.29604e-06
0.997931
0.0692618
0.00315141
0.64973
1.61702e-05
0.0158595
0.000117831
0.000101457
0.580318
0.216987
2.27158e-05
0.976439
0.997856
0.934561
0.0220063
0.145377
0.999889
0.00145617
0.182135
0.240266
0.994953
1.0042e-06
1.72119e-05
0.637707
0.00442818
0.857968
0.99565
0.610682
0.0441004
0.936568
0.152688
0.405184
0.0397439
5.46991e-05
0.999999
0.98307
0.999971
0.0162869
0.180427
0.999969
0.0346639
0.999994
0.00427517
0.0429689
4.19606e-08
0.974516
0.0301553
4.65912e-05
0.0675796
0.124986
0.401817
0.596885
0.1977
0.00161252
0.993514
0.792896
0.998241
0.9259
1.20437e-05
0.00325701
0.898454
0.718594
0.0640932
0.444829
0.979539
0.94017
0.789017
0.291997
0.00168356
0.724008
7.24894e-05
0.0178214
0.00431472
0.653104
0.408947
0.0455859
0.991019
1.99245e-08
0.0556369
0.32477
0.380486
0.984675
0.486651
0.971578
0.288688
0.00791495
0.542327
0.146234
6.78422e-05
0.831651
0.652127
0.573328
0.916693
0.586083
0.157248
3.98847e-05
0.028959
0.871481
0.959935
0.999313
0.878761
0.000155041
0.00535791
0.937364
0.247503
0.723403
0.0563604
0.0020683
0.611359
0.967737
0.00205218
3.52198e-05
0.0129286
0.0056618
0.334425
0.984584
0.000390464
0.0011535
0.0564207
0.00485364
0.423032
0.00210559
0.99408
0.972083
0.371421
0.599784
0.91406
0.513259
0.4066
0.00688956
0.838754
0.999924
0.980531
0.861412
0.999423
0.999091
0.0015841
0.634146
0.0091878
0.223963
0.520945
0.15504
0.99655
0.175509
0.649048
0.000219208
0.736986
0.996954
0.968202
0.563011
0.975063
0.518493
0.995557
0.977234
0.999565
0.721988
0.803569
0.0451269
0.342405
0.361286
0.697412
0.711389
0.000555423
0.000241192
0.000699655
0.944436
0.498662
0.984615
0.0778922
0.0459259
0.999615
0.259212
0.743118
0.854149
0.961517
5.04617e-06
0.359759
0.949064
0.338498
1.82865e-06
0.998261
0.86975
0.962709
0.0885089
0.886015
0.461555
0.661156
0.607168
0.000299277
0.0607589
0.361236
0.986558
0.645977
0.0741084
0.953133
0.000245594
0.795712
0.130084
0.0110397
0.3759
0.80003
0.999778
0.0707441
0.940398
0.137152
