0.999515
0.974544
0.0918921
8.7816e-05
0.950849
0.000333954
0.987631
0.999082
0.999192
0.00387538
0.999425
0.584641
0.6121
0.559395
0.0254818
0.989815
2.54023e-05
0.00184155
0.854855
0.0946006
0.351988
0.877067
0.999931
0.0952107
0.00206942
0.930691
0.00219291
0.0411902
0.000604782
0.995418
0.980046
0.18914
0.0372417
0.000607384
0.00305554
0.000329271
0.0944523
0.99819
0.00304835
0.0657805
0.566728
0.944266
0.594731
0.991672
0.997771
0.00103029
0.656164
0.0235803
0.999966
0.00822569
0.0163768
0.918404
0.000986361
0.0302899
0.950271
0.914342
0.00512541
0.00346499
0.991225
0.0329003
0.999612
0.0229545
0.000257048
0.915003
0.000263529
0.9738
0.000658198
3.29128e-05
0.999925
0.990474
5.89399e-05
0.969383
0.996025
0.74571
0.999788
0.000445598
0.000234501
0.992171
6.1613e-05
0.44494
0.0260284
0.111619
0.00668436
0.701403
0.00489167
0.0133345
0.979324
5.57354e-05
0.831441
3.05293e-05
0.0369099
0.00129026
0.000657527
0.000168282
0.000160906
0.999694
0.210925
0.0036874
0.145542
0.16926
0.742928
0.000119695
0.999351
0.999964
0.000538541
0.000708977
0.999759
0.00342173
0.999705
0.276955
0.0920174
0.0923967
0.00345894
0.322148
0.0121349
0.852315
0.00849705
0.776283
0.994905
0.0428819
0.999417
0.999536
0.995163
0.999869
0.000384141
0.96891
0.988094
0.964328
0.998947
0.00413116
0.329548
0.910838
0.919961
0.000183117
0.0032852
0.997645
0.16708
0.979637
0.00267741
0.996082
0.318203
0.00299772
0.459012
0.917871
0.000620906
0.994702
0.961462
0.937598
0.99991
0.462301
0.999923
0.994457
0.889055
0.149804
0.99988
0.0637569
0.40172
0.00587073
0.994415
0.187103
0.991354
0.000130032
0.965694
0.28763
0.997329
0.0756004
8.99151e-06
0.935661
0.000436821
4.73553e-05
0.0241914
0.99815
0.330994
0.969536
0.318734
0.00527511
0.98498
0.537259
0.0155482
0.0387445
0.981521
0.574974
0.00112398
0.134652
0.993275
0.193231
0.000392491
0.192184
0.942394
0.122383
0.00482912
0.943374
0.611098
0.998823
0.11298
0.999153
4.72732e-05
0.997607
0.999847
0.00039349
0.999793
0.994398
0.999886
0.00098573
0.163845
0.755099
0.997063
0.78893
0.00463484
0.90749
0.999427
6.47372e-05
0.657155
0.178213
0.000487598
0.00441287
0.881867
0.0114204
0.999674
0.324343
2.36225e-05
0.574948
0.00150514
0.999888
0.0393311
0.999575
0.998251
0.677106
0.766678
0.999939
0.00174758
0.999806
0.98689
0.999597
0.928486
0.269307
0.000130079
0.000141633
0.000734021
6.33305e-05
0.000287633
0.996625
0.17846
0.998749
0.966399
0.999087
0.00156465
0.053141
0.99963
0.997817
0.966795
0.195636
0.0137827
0.011701
0.999653
0.999353
0.995518
0.840357
0.000530429
0.128606
0.99864
0.0441048
2.75582e-05
0.0116074
0.999225
0.00398506
0.851161
0.988862
0.00561937
0.999659
0.982456
0.00829579
0.999956
0.98574
0.99859
0.000470979
0.999609
0.083536
0.963029
4.08013e-05
0.138789
0.967284
0.919614
0.000173714
0.12276
0.670155
0.935096
0.999707
0.255552
0.999455
0.99751
2.05027e-05
0.97163
0.999721
0.000176954
0.142002
0.153036
0.0680258
0.340565
0.108844
0.725489
0.000299648
0.000164524
0.00132339
0.970829
0.990092
0.000248179
0.994789
0.0119733
0.0887703
0.988295
0.974148
0.0673444
0.0442143
0.998412
0.988695
0.637729
0.000318811
0.681056
0.995742
0.268827
0.999937
0.998677
0.985597
1.91808e-05
0.00101399
0.000457678
0.436034
0.00424947
0.58172
0.00131198
0.00184455
0.0016159
0.0022651
0.000166081
0.000253859
0.955651
0.0232653
0.790073
0.999874
0.000443474
0.00106357
0.0291204
0.958223
0.995942
0.00191361
0.995502
0.999571
0.74516
0.000208923
0.558513
0.999924
0.998807
0.988233
0.604255
0.00908344
0.00182817
0.9226
0.000373189
0.931032
0.00484339
0.00014995
0.999861
0.991299
0.997688
0.742542
0.480034
5.58983e-05
0.977227
0.998902
0.997705
0.188989
0.00177066
0.996368
0.261015
0.999171
6.27637e-05
0.996673
0.356139
0.0135958
0.000916169
0.0179786
0.998993
0.793987
0.0144343
0.999327
0.994319
0.993789
0.00602237
0.562185
0.93008
0.97036
0.999637
0.940468
0.999912
0.918846
0.120266
6.59566e-05
0.266534
0.989584
0.959416
0.870404
0.999443
0.999823
0.360408
0.00217275
0.117685
0.427532
0.0530271
0.00642695
0.997139
0.936149
5.60921e-05
0.00461896
0.000503349
0.996338
0.141666
0.0223426
0.000547864
0.268883
0.342619
0.00335417
0.994923
0.949136
0.999793
0.88595
7.20379e-05
0.982845
0.994175
0.999852
0.547368
0.379311
0.0818246
0.00019703
0.961772
0.0422036
0.996179
0.999231
0.00780788
0.972535
0.469345
0.593117
0.998687
6.6987e-05
0.662624
0.809318
0.96783
0.998162
0.998718
0.0733171
0.184244
0.000384451
0.62718
0.997015
0.0453277
0.178271
0.99917
0.999916
0.996738
0.00119283
0.991739
0.0577068
0.85815
0.00245102
0.00081424
0.0481445
0.999097
0.996942
0.0510408
0.23855
0.000498823
0.458823
0.207295
0.990385
0.000248338
0.328962
0.0146434
1.90351e-05
0.988711
0.0157292
0.000655878
0.999927
0.844805
0.347582
0.989811
0.0128421
0.185304
0.999054
0.955098
0.999887
0.989441
0.00301937
0.999345
0.586531
0.984773
4.56722e-05
0.189337
0.994826
0.00412352
0.999193
0.999905
0.186107
0.999926
0.00017125
0.62231
0.77567
6.30515e-05
1.98759e-05
0.693269
0.369537
0.998612
0.985997
0.0497387
0.931064
0.515836
0.999635
0.021045
5.76818e-05
0.00647424
9.62087e-05
0.386705
0.00137908
0.000866986
0.024337
0.227772
0.985197
0.606
0.00103008
0.997315
0.942994
0.743147
0.999202
0.0144599
0.146834
0.312281
0.0279029
0.000250998
0.885051
0.999101
0.909768
0.125347
0.000121507
0.99168
0.0893189
0.999632
0.00113118
0.995805
0.237545
0.925427
0.00093476
0.000180063
0.152368
0.999105
0.961634
0.0620973
0.000636402
0.995371
8.99065e-05
0.104572
0.00731841
0.784367
7.89533e-05
0.999673
0.041428
0.00289288
0.00255967
0.129078
2.14306e-05
0.994596
6.30949e-05
0.99559
0.962838
0.000618619
0.998811
0.012069
0.573812
0.998716
0.439994
0.998371
0.0245319
0.680057
0.0530999
0.130119
0.971732
0.0247241
0.425024
0.99541
0.991764
0.577147
0.998655
0.340856
0.988847
0.246084
0.00771805
0.995581
0.998748
0.149708
0.527475
0.662556
0.0936327
0.0539614
0.922944
0.0126217
0.999338
0.999891
0.980236
0.301739
0.454663
0.999917
0.999965
0.00184105
0.0177603
0.00685282
0.966381
0.000977428
0.000220178
0.999715
0.999398
0.998979
0.354696
0.895149
0.997653
0.999793
0.999249
0.01082
0.0678519
0.0184951
0.0103809
0.923665
0.000101836
0.868674
0.0309709
0.55546
0.152048
0.989664
0.140819
0.000216031
0.000757189
0.999755
0.530842
0.997424
0.416912
0.999971
0.334064
0.846163
0.00425744
0.999903
0.00369224
0.57183
0.000281206
0.000285865
0.998412
0.0100775
0.999662
0.998126
0.939226
0.00496333
0.933009
0.999911
0.999966
0.0362482
0.999875
0.996627
0.00141244
0.145483
8.37343e-05
0.4299
0.99933
0.999447
0.998268
0.0540202
0.157957
0.994742
0.999894
0.000130653
0.000684456
0.794897
0.00486882
0.99702
5.91974e-05
0.909707
0.533933
0.745709
0.999665
0.999453
0.999461
0.993289
0.00105559
0.999808
0.998306
4.52415e-05
0.940827
0.773945
0.00925288
0.0480089
0.000113616
0.341298
2.38293e-05
0.277413
0.00644586
0.998143
0.959162
0.927517
0.999889
0.998826
0.251854
0.996444
0.99978
0.00425263
0.00775956
0.00134163
0.999791
0.0759616
0.733933
0.00100724
0.998562
0.921312
0.93362
0.63613
0.996045
0.000303981
0.971736
0.99986
0.988975
0.12176
0.624339
0.859475
0.763513
0.00180327
0.202762
0.0943969
0.00287937
0.683196
0.999158
0.80999
0.996086
0.993386
0.00409436
0.000108189
0.812944
0.998744
0.0640143
0.00017564
0.999572
0.80079
0.998456
0.732236
0.170295
0.993075
0.00991019
0.774216
0.0547179
0.999863
0.0545885
0.89917
0.00240545
0.622098
0.997748
0.995514
0.104042
0.0118391
0.999357
0.999628
0.968898
0.938825
0.958739
0.740302
0.0454895
0.561341
0.999354
0.997752
0.000122469
0.0211771
0.0584337
0.999932
0.899874
0.0558854
0.0427611
0.973647
0.0857671
0.999068
0.305203
0.00189833
0.226378
0.989762
0.0357291
0.993843
0.768429
0.127422
0.0234598
0.983592
0.0387364
0.999726
0.203559
0.00591416
0.553284
0.125602
0.998367
0.000503634
0.00140428
0.978915
2.06404e-05
0.785644
0.69397
0.0621969
0.999668
0.240112
0.998435
0.999283
0.97921
0.999679
0.997803
0.457549
0.0870633
0.615259
8.51037e-05
0.997952
0.00257001
0.999803
0.0242159
0.987275
0.449622
0.943366
0.999539
0.0689033
4.66862e-05
0.999428
0.0539887
0.11831
0.999721
0.0837417
0.839741
0.79474
0.00829073
0.000141707
0.584449
0.876048
0.902477
0.000159152
0.339062
0.0107174
0.992755
0.979805
0.997621
0.991903
0.999643
0.478715
0.029942
0.947526
0.599507
0.978038
0.996193
0.0186215
0.841018
0.888089
8.96347e-05
0.999884
0.000289794
0.214258
0.04055
0.997633
0.998102
0.00293095
0.898226
0.977238
0.315087
0.0312675
0.000986129
0.998311
0.999897
0.999789
0.00180255
0.846041
0.235347
3.15769e-05
0.851731
0.14124
0.15128
0.0949201
0.84782
0.000476589
0.194698
0.0249207
0.000231066
0.00174711
0.46522
0.266978
0.359436
0.99834
0.0478271
0.102998
0.00139114
0.426792
0.5569
0.961801
0.192145
0.947306
0.984256
0.0192193
0.245359
0.999587
0.974294
0.076939
0.996388
5.27934e-05
0.0339855
0.999885
0.998223
0.645185
0.448352
0.99962
0.999955
0.206393
0.127565
0.999736
0.00615939
0.998382
0.000100537
0.184898
0.0388869
0.592704
0.000674352
0.973193
0.0317007
0.533316
0.981853
0.0054788
0.0254736
0.0230723
0.0134266
0.0701334
0.980377
0.999458
0.000417644
0.98561
0.992383
0.00572975
0.999769
0.000183671
0.639513
0.000148628
0.978968
0.00173502
0.597319
3.2768e-05
0.88712
0.0925049
0.999768
0.0003823
0.408759
0.999332
0.998723
0.000960424
6.14688e-05
0.322836
0.97107
0.998439
0.00521576
0.988672
0.999838
0.993782
0.99986
0.00706137
0.67392
0.00133647
0.997941
0.689903
0.997445
0.866219
0.0272909
0.00605413
0.99846
6.19483e-05
0.999912
0.110351
0.00323038
0.906292
0.00586903
0.999306
0.998847
0.000566512
0.245017
9.34882e-05
0.390711
0.974847
7.02981e-05
0.0430277
0.0121457
0.00148346
0.998935
0.000706057
0.241288
0.199277
0.0993148
0.99965
3.10796e-05
0.00345071
0.103466
0.0169277
0.00929631
0.538326
0.99995
0.998354
0.99959
0.000353909
0.986129
0.9914
0.000859854
0.0294512
0.00373551
0.999764
0.034001
9.06394e-05
0.00471753
0.00200021
0.00961094
0.997496
0.000884764
0.884872
0.644907
0.00569737
0.000398659
0.869818
0.0469247
5.21093e-05
0.990817
0.121735
0.998893
0.000218281
0.985901
0.000638025
0.997549
0.118596
0.999888
0.677054
0.155254
0.87031
0.999403
0.00170385
0.00945693
0.000139424
0.798184
0.999832
0.94178
0.879004
0.00229719
0.0150848
0.0924667
0.600338
0.012175
0.0102319
8.57761e-05
0.999743
0.999819
0.995769
0.989232
3.6631e-05
0.791323
0.00952417
5.4596e-05
0.0598296
0.955615
0.0504112
0.997637
0.981835
0.0136641
0.996052
0.00669537
0.000351246
0.00020212
0.000180224
0.96139
0.000673188
0.998412
6.12751e-05
0.0684877
0.00222309
0.00183551
0.541538
0.999862
0.999875
0.392333
0.753614
0.000803655
0.141031
0.999415
0.99721
0.135547
0.0696449
0.00132998
0.00872097
5.29332e-05
0.998996
0.925375
0.372413
0.981428
6.79233e-05
0.996528
0.999945
0.234139
0.00057776
0.000605514
0.999885
4.0557e-05
0.60947
0.940326
0.913532
0.996392
0.000124391
0.00404112
0.999736
0.971415
4.84858e-05
0.000262541
7.40261e-05
0.982642
0.00536878
0.820831
0.00749589
0.00102488
0.00137342
0.992546
0.992038
0.0485394
0.999405
0.997763
6.31562e-05
0.994119
0.988911
0.952833
0.999349
0.000698712
0.983765
0.637751
0.000217677
0.00323835
0.999919
0.0661781
0.990937
0.990265
0.999921
0.976648
0.000232511
0.181562
0.999327
0.00222298
0.00264719
0.312267
0.999908
0.000261035
0.981732
0.00302354
3.0647e-05
0.1014
0.989564
6.94798e-05
0.975815
0.999374
0.00566318
0.999877
0.999783
0.00302811
0.316896
0.998966
0.667667
0.99011
0.768382
0.992274
0.988731
0.0533604
0.553583
0.998486
0.999456
0.996121
0.0127982
0.000209938
0.0434525
0.531035
0.99814
0.998559
0.996674
0.999915
0.366813
0.00170932
0.0302574
0.0881945
0.0345185
1.97668e-05
0.369036
0.0253293
0.0061716
0.000332211
0.977737
0.849523
0.000417376
0.000116712
0.176579
0.0658405
0.932782
0.983809
0.999533
0.0549424
4.31991e-05
0.935911
0.0421242
0.0150198
0.998144
0.598452
0.432573
0.275855
0.826296
0.942769
0.0224699
0.0764287
0.0865692
0.999542
0.9995
0.00567978
0.0644382
0.665308
0.992113
0.0239869
0.0331557
0.998677
0.00973705
0.995167
0.0285371
0.150179
0.00265317
0.994373
0.892356
0.998777
0.734609
0.995675
0.0379382
0.999709
0.0368984
0.990253
0.998942
0.994617
0.99725
0.999593
0.00392528
0.999348
0.000902219
0.662064
0.997158
0.998918
0.999699
0.97037
0.954351
0.00754957
0.700209
0.999856
0.0519815
0.184258
0.972251
0.998359
0.702998
0.0156504
0.000192017
0.0961728
0.987541
0.999914
0.000131496
0.995046
0.908946
0.00215383
0.997045
0.999352
0.882436
0.00128367
0.999672
0.00156611
0.0186009
0.455778
0.999939
0.136142
0.978058
0.0413619
0.993862
0.284126
0.00359202
0.000281701
0.69977
0.000220441
0.98311
0.900929
0.992792
0.0916396
0.550538
0.00361163
0.00172622
0.985734
0.939427
0.28578
0.0165813
0.999963
0.922319
0.000540634
0.00201535
0.333262
0.999352
0.999809
0.00358135
0.859325
0.776988
0.00243662
0.919045
0.99754
0.905657
0.992766
0.997509
0.99976
0.994011
0.968064
0.104045
0.146447
0.000311148
0.906301
0.457568
0.996932
0.894125
0.0303943
0.00865764
0.999502
0.996144
0.00155402
0.99909
0.608589
0.998053
0.981961
0.0238848
2.69669e-05
0.999378
0.165876
0.190672
0.973104
0.000267168
0.0647476
0.666393
0.999551
0.0403305
0.998132
0.0175427
0.837147
0.704099
0.108908
0.753315
0.999556
0.0226539
0.100888
0.999819
0.989619
0.999949
0.02214
0.00010189
0.0134316
0.0431861
0.994012
0.0670951
0.882649
0.0131333
0.99992
0.971153
0.00171835
0.102229
4.21882e-05
0.1246
0.000529045
0.912374
0.873689
0.00471472
0.105047
0.299797
0.999863
0.996505
0.806084
0.995998
0.623406
0.968988
0.433866
0.027549
0.904595
0.113609
0.918633
0.986791
0.884391
0.897963
0.00015923
0.00118283
0.00422056
0.385388
0.96866
0.00276599
0.974639
0.845163
0.00124548
0.576119
0.234941
0.000292206
0.999327
0.999901
0.849572
0.785145
0.75588
0.384456
0.999849
0.63503
0.188962
0.000113744
0.9996
0.0117927
0.0172754
0.736199
0.998382
0.00293222
0.00626041
0.000518022
0.999769
0.999668
0.936084
0.685491
0.332475
0.995521
0.42672
0.998143
0.66894
0.0204153
0.00067977
0.969721
1.67019e-05
0.999757
0.21494
0.998124
0.39587
0.8702
0.99977
0.737801
0.998256
0.000239886
3.77498e-05
0.29822
0.059091
0.97428
0.626584
0.999851
0.999519
0.0844945
0.969438
0.999522
0.0169179
0.00626879
3.04143e-05
0.999847
0.988962
0.98601
0.00687861
0.988942
0.991106
0.00048951
0.000111826
0.973549
0.000185445
0.951936
0.00243951
0.126885
0.960419
0.025826
0.0761164
0.998297
0.998149
0.00464261
0.206737
7.31083e-05
0.999819
0.627662
4.38049e-05
0.999114
0.999214
0.913791
0.999913
0.000728072
0.999103
0.0047575
0.999188
0.996967
0.000158844
0.265336
0.987518
0.754479
0.999192
0.999954
9.2155e-05
0.988244
0.119841
0.0127272
0.977492
0.999181
0.00315462
0.999811
0.00381356
0.310053
0.362787
0.0165744
0.409933
0.0349775
0.484532
0.981865
0.000147095
0.000445527
0.56484
0.0833103
0.858007
0.00882549
0.00646701
0.000700776
0.0018284
0.99991
0.997228
0.999573
0.0185648
0.653759
0.9992
0.998417
0.00426414
0.997266
0.998791
0.621344
0.939487
0.732333
0.989862
0.987948
0.817869
0.160135
0.000280251
0.951195
0.0353359
0.000623996
0.988324
0.172927
0.874831
0.114264
0.999794
0.408695
0.00098592
0.00014639
0.594379
0.00127132
0.998923
0.000112001
0.236908
0.0964688
0.999636
0.997926
0.753155
0.00350428
0.000383905
0.999471
0.000791695
0.024015
0.0474005
0.861359
0.00257734
0.96734
0.153303
0.498004
0.000155487
0.998798
0.000106638
0.885244
0.974055
0.995499
0.651048
0.0169683
0.0010498
0.0113542
0.0159819
0.0979905
0.90005
0.00792311
0.0158011
0.00177841
9.51397e-05
0.241385
0.0843972
0.000738424
0.999669
0.0355116
0.749605
0.261523
0.411474
0.999826
0.0235751
0.997218
0.000952748
0.99279
0.978798
0.000190893
0.650427
0.688442
0.000586012
0.066204
0.980769
0.965891
0.653725
0.998244
0.998446
0.999848
0.151821
0.999933
0.297329
0.9984
9.84839e-05
0.0102732
0.19541
0.577018
0.0441591
0.998663
0.018593
0.99993
0.000285383
0.999758
0.995834
0.9737
0.991091
0.160836
0.999086
0.882008
0.803857
6.18124e-05
0.223261
0.144381
0.00309629
0.000768881
0.337151
0.896364
0.00279125
0.97188
0.96298
0.0156354
0.878574
0.948805
0.760436
0.374254
0.98732
0.000973101
0.922471
0.999136
0.997784
0.99989
0.257431
0.000223401
2.28547e-05
0.99972
0.999936
0.410932
0.0461099
0.655891
0.262065
0.399491
0.992942
0.00158413
0.10989
0.995217
0.998232
0.99992
0.992001
0.000368766
0.999476
0.764356
0.999838
0.0010678
0.00174442
0.769477
0.0294166
0.9711
0.999382
0.978717
0.000428642
0.707168
0.000100044
0.330463
0.596957
0.0557412
0.970948
0.999633
0.00784374
0.00319135
0.0193845
0.998331
0.00755198
0.617787
3.97799e-05
0.11782
0.00182384
0.465463
0.976006
0.992137
0.997848
0.994129
0.075558
0.996791
0.983194
0.233702
0.98764
0.106261
0.0216863
0.000277266
0.999842
0.261851
0.00039503
0.00153186
0.000426717
0.998402
0.540119
0.128135
0.281257
0.268217
0.997219
0.281459
0.999489
0.715844
4.99265e-05
0.99995
0.154275
0.934968
0.927308
0.125592
3.54318e-05
0.449443
0.164601
0.0105745
0.198572
0.00183668
0.593795
0.997671
0.985787
0.0034122
0.00673316
0.00267896
0.927696
0.00107069
0.999532
0.999841
6.77671e-05
0.590375
0.44761
0.999499
0.306307
0.024796
0.000337962
0.999711
0.999749
0.0212957
0.34196
0.000196405
0.138833
0.998263
0.999917
0.101504
0.787468
0.99963
0.999964
0.000537134
0.00521909
0.658601
0.000254063
0.991739
0.000563171
0.999531
0.53636
0.999817
0.999943
0.2191
0.99908
0.49127
0.827462
0.999344
0.00867107
0.000159037
0.0454471
0.0398203
0.004725
0.940601
0.999701
0.930761
0.570758
4.43094e-05
0.516284
0.997722
0.0015143
7.98091e-05
0.0716791
0.0308508
5.89293e-05
0.966644
0.887168
0.0224292
0.687929
0.999729
0.999679
0.53129
0.999869
0.0566609
0.340712
0.451851
0.0137472
0.000410898
0.999466
0.000361973
0.720893
0.985928
0.966645
0.999351
0.0023329
0.992109
0.999092
0.012847
0.0181047
0.990638
0.99982
0.999038
0.0118113
0.981694
0.992721
0.000291927
3.55207e-05
0.994248
0.0574727
0.998188
0.0298319
0.00012862
0.00119975
0.0648977
0.39571
0.997283
0.999763
0.0128957
0.000554135
0.940114
0.943917
0.99885
0.50518
0.581284
0.00435564
0.999758
0.995822
0.797788
0.0704874
0.996264
0.06238
0.968692
0.996594
0.0551388
0.00555115
0.242484
0.307361
1.49124e-05
0.000686984
0.991545
0.899582
3.05806e-05
0.00246048
0.041281
0.471746
0.348612
0.00707854
0.999744
0.677448
0.98185
0.0463995
0.99346
0.466505
0.00135293
0.000144552
0.999921
0.00967598
0.999711
0.0792241
0.00180473
0.998736
0.996411
0.000539472
0.108707
0.999862
0.00415609
0.00239174
4.92162e-05
0.997987
0.0157524
0.310381
0.657104
0.999703
0.996801
0.928215
0.0398401
0.00258053
0.164658
0.99525
0.920191
0.999182
0.966547
0.906864
0.00138189
0.279146
0.979425
0.0141543
2.51283e-05
0.998696
0.999343
0.252318
0.998156
0.000394051
0.631861
0.983441
0.000190101
0.98975
0.770132
3.76957e-05
0.0290088
0.0635539
0.99966
0.00388662
0.999517
9.53048e-05
0.995339
0.000278741
0.0524212
0.88301
0.998335
0.00285478
0.788695
0.997252
0.999191
0.999389
0.561098
0.21381
0.0358508
0.998385
0.966955
0.905092
0.918846
0.999357
0.000447399
0.958284
0.953107
0.0597988
0.999211
0.00013573
0.185504
0.247304
0.980098
0.0032862
0.8818
0.990747
0.000106307
0.999745
4.40869e-05
0.0494063
0.0105377
0.000117762
0.0287508
0.00405333
0.135894
0.62561
0.000175194
0.00234521
0.000240255
0.182064
0.502594
0.976299
0.00149684
0.998936
0.131367
0.0993275
0.920331
0.000224254
0.927775
0.296218
0.999572
0.910009
0.513289
0.994507
0.000781501
0.00019622
0.687393
8.18032e-05
0.000248496
0.00346208
0.009764
0.0202503
0.999579
0.995765
0.187173
0.993455
0.998978
0.00909004
1.46122e-05
0.00024529
0.436655
0.0352355
0.989352
0.87686
0.00618957
0.980985
0.229627
0.979659
1.63749e-05
0.000198254
0.767527
0.184957
0.00190018
0.000910663
0.99934
0.121214
0.986414
0.727927
0.994474
0.000722289
0.0037535
4.67855e-05
0.978369
0.00884947
0.999928
0.00997422
0.999709
0.756533
0.00216033
0.00177891
0.997575
0.980835
0.994096
0.00526433
0.0913951
0.0681884
0.995708
0.000655761
0.999644
0.00635636
0.961376
0.950082
0.908381
8.75386e-05
0.935183
0.000134017
0.00638651
0.567382
0.0291045
0.884613
0.99983
0.97136
0.300524
0.0002919
0.065434
0.242661
0.0177535
0.999798
0.000150183
0.992668
0.342791
0.221207
0.376525
0.151273
0.0950544
0.287141
0.00684786
0.888238
0.501616
0.00260478
0.000452029
0.00570553
0.861013
0.00141495
0.000647993
0.00450212
0.986654
0.999476
0.000784061
9.92816e-05
0.999688
0.0105586
0.508384
0.99943
0.00583762
0.991546
0.00762417
0.998732
0.00297121
0.237393
0.999921
0.99995
0.211127
0.201817
0.999743
6.59563e-05
0.999862
0.976678
0.990784
0.95587
0.00390161
0.987239
0.000821927
0.725493
0.75444
0.998689
0.312633
0.000123543
0.940326
0.999941
0.998934
0.00282589
0.0185823
0.992526
0.0498983
0.999806
0.977978
0.00290304
0.109206
0.991954
0.0221742
0.00164692
0.997447
6.30976e-05
0.996943
0.0929867
0.971546
0.985405
0.999816
0.537792
0.99996
0.000680859
0.201753
0.921124
0.999095
0.0163095
0.425371
0.00888067
0.0513855
0.998633
0.00159941
0.00118588
0.93724
0.370921
0.00186528
0.303815
0.998699
0.100071
0.902825
0.999885
0.524783
0.99907
0.0009291
0.00131692
0.462212
0.035634
0.382338
0.00102668
3.5503e-05
0.998395
0.00984253
1.96777e-05
0.00105633
0.00762919
0.583349
0.996505
0.000458292
0.990602
0.999086
0.99143
0.305915
0.990147
0.940904
0.0121429
0.0274427
0.996228
0.333279
0.119081
0.00483078
0.849235
0.0756615
0.969032
8.90159e-05
0.00233171
0.972924
0.999865
5.19348e-05
0.0899412
0.867336
0.00447606
0.972468
0.00520511
0.00014104
0.999546
0.0527352
0.999428
0.929002
0.984393
0.3329
0.999603
0.582304
0.999765
0.00258876
0.997034
0.999041
0.999699
2.57958e-05
0.988603
0.544097
0.842369
0.193689
0.949148
5.92378e-05
0.839944
0.999675
0.00185059
0.00854991
0.178689
0.000547434
0.306126
0.000945881
2.61195e-05
0.0613262
0.00645823
0.999312
0.996028
0.99924
0.988387
0.00114288
0.950587
0.00684827
0.440087
0.987571
0.0188804
0.940313
5.09209e-05
0.0246905
0.997007
0.803591
0.0267346
0.0297637
0.000683533
0.00312871
0.8073
0.589448
0.00171793
0.8146
0.204084
0.00112114
0.964543
0.0159098
0.972976
0.000357356
0.986219
0.997573
0.0324478
0.000324159
0.998345
0.0393121
0.00166852
0.995291
0.00308776
0.27147
0.983462
0.0489611
0.000489964
0.00135066
0.666455
0.117237
0.0142623
0.885102
0.00396867
0.000414137
0.859874
0.999636
0.385154
0.341074
1.94031e-05
0.0231903
0.935202
0.0206102
0.997132
0.99946
0.00215597
0.999686
0.0620852
0.405516
0.78446
0.000159114
0.999553
0.00358474
0.0663798
0.511036
9.18723e-05
0.144737
0.995896
0.999492
0.097198
3.75147e-05
0.000836661
0.541862
0.000160804
0.0242108
0.99752
0.997659
5.43126e-05
0.000154436
3.86446e-05
0.0350721
0.00399871
0.753938
0.0812036
0.997491
0.950457
0.886506
0.999342
0.352429
0.994169
0.00657195
0.998422
0.18038
0.00710111
0.00571104
0.000539139
0.998913
0.660289
0.000972226
0.0995485
0.416966
0.828434
0.999762
0.000134614
0.986064
0.338267
6.80878e-05
0.00822143
0.00334218
0.999704
0.950217
0.363593
0.000188068
0.969059
0.101746
0.16818
0.999935
0.0233085
0.995416
0.0469701
0.000541668
0.589987
0.600604
0.832977
0.842811
0.999946
0.998634
0.934405
0.876177
0.516654
0.000552083
0.907751
0.999534
0.00127568
0.116023
0.0247202
0.955388
0.99297
0.886365
0.340436
0.994556
0.986285
0.999914
0.558309
0.666488
0.000764519
0.110131
0.00162318
0.99509
0.99957
0.973585
0.983824
0.0063105
0.00194033
0.897678
0.957098
0.0580965
0.553954
0.0406534
0.983546
0.990424
0.000133497
0.993463
0.999085
0.991325
0.966112
0.0016677
0.542283
0.0781843
0.0143186
0.494031
0.999871
0.00058594
1.54039e-05
0.0400286
0.999853
0.995883
0.98619
0.999416
0.160184
0.886121
0.00799935
0.983662
0.432349
0.115546
0.961977
0.0211875
0.000758472
0.469894
0.000498331
8.15654e-05
0.999319
0.871098
0.995909
0.00989118
0.999165
0.000389813
0.0515805
0.0413973
0.0790385
0.0362681
0.000242968
0.990062
0.99766
0.0608773
0.520538
0.927141
0.00216731
0.000162702
4.58218e-05
0.923595
0.993217
0.0422707
6.7788e-05
0.995886
0.998701
0.999711
0.999873
0.295647
0.998924
0.00651174
0.976999
0.999803
0.976895
0.999383
0.00330022
0.00681622
0.729144
0.846257
0.9983
6.51475e-05
0.99938
0.855844
0.00539455
0.0155229
0.00779044
0.99929
0.0008124
0.999916
0.0063739
0.996217
0.000571852
0.540667
0.743274
0.450647
0.952255
0.00171325
0.405095
0.996984
0.0103598
0.999176
0.00365648
0.267477
0.0280055
0.999959
0.996446
0.025802
0.998179
0.000753762
0.00188795
0.000295281
0.864791
0.144812
0.96137
0.0120334
0.301986
0.0174193
0.756815
0.999109
0.974595
0.00346297
0.988035
0.40558
0.984469
0.000468958
0.000459687
0.98965
0.990247
0.999502
0.998221
0.989343
0.999682
0.99777
0.954904
0.949363
0.00103743
0.143935
0.89117
0.00402887
0.466401
0.0288348
0.193432
0.998539
0.982096
0.0157347
0.999952
0.989171
0.000211166
6.09077e-05
0.062516
0.999607
0.45855
0.194996
0.902611
0.622398
0.208631
0.990878
0.000645028
1.8537e-05
0.00888301
0.999488
0.594809
0.997359
0.0018532
0.946977
0.00128539
0.00335704
0.914545
0.0431811
0.00606873
0.998167
0.592055
0.842774
0.999918
0.590876
0.651944
0.000170737
0.00926907
0.999426
4.45933e-05
0.999756
0.955388
0.0530046
0.0072776
0.990004
0.855489
0.974341
0.995985
0.979979
0.605697
0.0986804
0.0526477
0.999732
0.000182945
0.000124137
0.93615
0.912514
0.00755073
0.0698143
0.998561
0.220231
0.98176
0.104024
0.991272
0.985738
0.0104896
0.712885
0.724065
0.000252532
0.000751568
0.372432
0.0355407
0.00125002
0.780934
0.833197
0.0702763
0.994463
0.99679
9.72691e-05
0.995958
0.999655
0.893345
0.357032
0.000277469
0.000136254
0.0234329
0.580414
0.997424
0.0295902
0.983474
0.368564
0.567905
0.000356856
0.000988337
0.999635
0.279924
0.000197542
0.0406833
0.980302
0.108797
0.742884
0.999143
0.000999074
0.99607
0.000398047
0.755948
0.999061
0.970883
0.997355
0.000486111
0.000757708
0.485166
0.997947
0.811985
0.995993
0.0514727
0.0381157
0.00442129
0.000433962
0.0053991
0.365858
0.655078
0.727791
0.000298412
0.998585
0.956167
0.999755
0.00146802
0.0252767
0.00883189
0.0011904
0.00127252
0.456928
0.419869
0.999863
0.0678738
0.491971
0.999748
0.0841858
0.968383
0.999731
0.000612212
0.995811
0.349613
0.00231691
0.993958
0.0199502
0.9988
0.529514
0.995811
0.993955
3.22624e-05
0.607471
0.999716
0.990406
0.205388
0.997764
0.0647642
0.00176837
0.999663
0.381335
0.999357
0.738383
0.999365
0.000160365
0.992195
0.00244065
0.996537
0.0157361
0.999664
0.219547
0.998035
0.633606
0.0001215
0.720398
0.994293
0.99961
0.297612
0.201437
0.0430054
0.406467
0.623076
0.000189027
0.103514
0.00849033
0.00426653
0.993665
0.0335097
0.995726
0.999913
0.998565
0.0354835
0.131663
0.13491
0.986557
0.999317
0.0101825
0.987827
0.00138297
0.995461
0.192506
0.355141
0.261427
0.0040679
0.995248
0.994636
0.888837
0.761615
0.000363866
0.000343606
0.966006
0.999296
0.520455
0.393558
0.00404825
0.579177
0.313741
0.0210525
0.913525
0.995603
0.000769988
0.306316
0.359395
0.87214
0.0371233
0.99997
0.0899437
0.996091
0.985522
0.0258655
0.24459
0.98332
0.491649
0.930152
2.26582e-05
0.999564
0.0561209
0.00236065
0.97439
0.927877
0.0470175
0.99083
0.00520371
4.83381e-05
0.968393
0.996604
0.659928
0.000237459
0.999262
0.50341
0.00468114
0.0481708
0.000171057
0.00988686
0.979684
0.983876
0.999862
0.000129677
0.546392
0.999652
0.00799355
0.000601337
0.0984271
0.0638014
0.999934
0.993802
0.00489785
0.994251
0.000311116
0.0266647
0.0863165
0.999942
0.977542
0.999401
7.987e-05
0.99993
0.000120007
0.00487601
0.029393
0.359359
0.997442
1.23369e-05
0.999832
0.000210559
0.0123954
0.252478
0.00805225
0.00933296
0.999833
0.993018
0.999599
0.501179
0.16028
0.168096
4.13717e-05
0.988374
0.497972
0.0773512
0.00155309
0.0373926
0.114775
0.990731
0.99996
0.3472
0.982331
0.972258
0.173036
0.999152
0.999887
0.0125264
0.0274407
0.00479195
0.130394
0.00677977
0.998257
0.977172
0.0192966
0.0202233
0.999199
0.000481941
0.0708474
0.98735
0.000115206
0.991485
0.0977302
0.000224095
0.750912
0.914873
0.633074
0.998785
0.998967
0.209484
0.776142
0.9997
0.00355655
0.0395627
0.962436
0.998432
0.00277823
0.803082
0.998755
0.999536
0.995916
0.00102146
0.957589
0.867414
0.998682
4.46974e-05
0.000133786
0.000601901
0.00216682
0.00388892
7.50306e-05
0.999748
0.00736135
0.999556
0.999087
0.589727
0.859848
0.997594
0.000254498
0.232449
0.00049462
0.000633778
0.987774
0.398333
0.0601331
0.0710799
0.999548
0.0017457
0.000117179
0.00948535
0.131665
0.997294
0.0168518
8.26487e-05
0.217128
0.000349146
2.09699e-05
2.67898e-05
0.998472
0.999804
0.900808
0.200569
0.0780575
0.999227
0.0752659
0.506588
0.0832606
0.199879
0.0224859
0.00377478
0.886226
8.05304e-05
0.714128
0.999329
0.216861
0.987887
0.855971
7.05782e-05
0.000441185
0.00758763
0.0254264
0.483773
0.0132369
0.999932
0.995556
0.894923
0.997977
0.00177202
0.000608225
0.998104
0.434233
0.00759026
0.99979
0.999167
0.431952
0.979204
0.997475
0.348765
0.996212
0.193487
0.968818
0.917944
0.999963
0.00297165
0.999693
0.0141752
0.0114257
0.000465423
0.00109617
0.000542983
0.0893845
0.989565
0.780146
0.73186
0.99991
0.998015
0.0239141
0.999856
2.82745e-05
0.000165451
0.00280598
8.90949e-05
0.997192
0.984184
0.0228362
0.635103
0.0830346
0.0487867
0.0139285
0.117209
0.997856
0.100012
0.165654
0.882703
0.893165
0.00508384
0.999948
0.999701
0.302946
0.993422
0.397922
0.4799
0.0214318
0.997917
0.994436
0.998509
0.9999
0.0146901
0.307024
0.000197249
0.0137901
0.995431
0.68022
0.000279866
0.991516
0.00230567
0.00292397
0.41945
0.993844
0.000375587
0.951429
0.980096
0.375829
0.99024
0.998597
0.0457007
0.993405
0.00684944
0.974502
0.976683
0.999353
0.334705
0.99474
0.343156
0.49402
0.00442815
0.999564
0.901459
0.991111
0.00031535
0.000286678
0.0309762
0.911003
0.0137915
0.000611677
0.511303
0.269192
0.997373
0.996127
0.00127293
0.000135617
0.0734518
0.00152335
0.996106
0.000278502
0.506458
0.670353
0.981998
0.104472
0.998845
0.999868
0.738618
0.482341
0.0051702
0.996494
2.53779e-05
0.000529253
0.00585619
0.753474
0.996119
0.999913
0.0829323
0.00992968
0.000782262
0.99928
1.40188e-05
0.999579
0.000132551
0.297833
0.000192925
0.998235
0.000349628
0.693228
5.81643e-05
0.999166
7.51052e-05
0.790962
0.320159
0.298854
0.0337684
0.996496
0.996378
0.999528
0.956759
0.0147929
0.0509334
0.319587
0.863657
0.997765
0.000105116
0.000200786
0.0269576
0.0505401
0.992062
0.000342163
0.000139631
0.999929
0.215516
0.997578
0.844072
0.992318
0.290078
0.496443
0.556831
0.00707874
0.000212481
0.988484
0.00110727
0.993553
0.958572
0.972333
0.00329883
0.340798
0.00679121
0.999744
0.999711
6.4607e-05
0.215508
0.676424
0.80149
0.00554196
0.618184
0.00392153
0.994205
0.332091
0.999793
0.99965
0.972545
0.031997
0.747978
0.425065
0.132151
0.151614
0.954717
0.985625
0.999574
0.00128921
0.99922
0.867705
5.04974e-05
0.00304672
0.992059
0.165272
0.00942774
0.960269
0.200728
0.0526379
4.54277e-05
0.0013076
0.0136413
0.448797
2.45762e-05
0.952889
0.999968
0.934629
0.999506
0.000822799
0.00671866
0.996963
0.00174563
0.00753811
0.0116794
0.998232
0.999456
0.606817
0.000940331
0.000103336
0.00398366
0.00043597
0.293653
0.987469
0.0546234
0.000463848
0.999889
0.13726
0.991136
0.69285
0.000348701
0.241
0.998277
0.756685
0.0646926
0.032572
0.00757907
0.857552
0.9997
0.0228063
0.999418
0.658638
0.998139
2.08747e-05
0.00981165
1.68811e-05
0.275443
0.910658
0.928025
0.183865
0.790125
3.44154e-05
0.999538
0.976584
0.815392
0.998562
0.6866
0.368515
0.997583
0.00173669
0.00702716
0.316462
3.75975e-05
0.884514
0.87933
0.997759
0.966866
0.0547843
0.227969
0.288083
0.995684
0.630246
0.983779
0.0286055
0.0022446
0.00228687
0.0301259
0.999463
0.000635171
4.04184e-05
0.0800955
0.00802487
0.999707
0.0799839
0.999707
0.984503
0.000426024
0.00145556
0.999575
0.999805
0.870096
0.999711
0.993768
0.000497006
5.12822e-05
0.996405
0.99805
0.279373
0.00693139
0.00475706
0.0138431
0.579962
0.0127019
0.965182
0.977215
0.10402
0.999321
0.99941
0.00522067
0.000526555
0.999966
0.554955
0.273141
0.738638
0.999775
0.883157
0.997331
0.127298
0.998108
0.000632896
0.384603
0.999594
0.99986
0.999931
0.000307414
0.999499
0.0157597
0.179016
4.1745e-05
0.00676733
0.999745
0.245853
0.00042647
0.999926
0.526975
0.186623
1.07832e-05
0.912886
0.9996
0.947537
0.0713182
0.0751238
0.999811
0.000749496
0.00219963
0.99875
0.310061
0.000536165
0.999562
0.988858
0.0776472
0.455161
0.003074
0.993124
0.806697
0.0216758
0.000395211
0.999799
0.969313
0.672819
0.993745
0.00011691
0.285087
0.00180587
0.00517075
0.000241189
0.0164649
0.000161185
0.99639
0.182633
0.00030532
0.0374782
0.0144907
9.63882e-05
0.845669
0.999695
0.0226667
0.984669
0.0472915
0.413099
0.82891
0.000686868
0.988465
0.328524
0.0215236
0.106641
4.18749e-05
0.00789064
0.83283
0.999755
0.0384998
0.021519
0.999948
0.997476
0.0705203
0.999769
0.224379
0.0223083
0.752912
0.00177863
0.0133297
0.0013015
0.999272
0.00869794
0.0389051
0.999788
0.991987
0.999723
0.273712
0.0316999
0.999964
0.581812
1.10907e-05
0.998494
0.806191
0.0014075
0.999704
0.921059
5.90753e-05
0.99956
0.999893
0.076177
0.909307
0.128512
0.990306
0.065737
0.00130914
0.272515
0.000204225
0.322099
0.00365053
0.023782
0.999338
0.258068
0.996416
0.999867
0.171375
0.000895529
0.99949
0.000608167
0.953797
0.0701479
0.535186
0.928886
0.641694
0.000928525
0.555342
0.171937
0.000443957
0.575691
0.529809
0.653861
0.0202637
0.999547
0.0166399
0.394004
0.243757
0.0294027
0.998721
0.569818
0.992413
0.0954908
0.000242393
1.52944e-05
0.118337
0.00163108
0.000248293
0.963716
0.0358332
0.00569309
0.000812385
0.22549
0.0536238
0.000172175
0.0329746
0.963041
0.999168
0.0507314
0.180069
0.999293
0.161269
0.999814
0.0041072
0.999957
0.999312
0.0151037
0.000321723
0.000109305
0.292802
0.7467
0.000983607
0.850667
0.994268
0.719244
0.0891422
0.000917736
0.0522392
0.946379
0.0105332
0.9967
0.999894
0.988382
0.00601435
0.00161707
0.00574534
0.866101
0.02321
0.757263
0.00334351
0.969708
0.995811
0.975413
0.999538
0.995459
0.934224
0.998899
0.98795
0.995233
0.000766623
0.0710161
0.0450061
0.012986
0.000442439
5.73664e-05
0.99971
0.00629255
0.0974621
0.102886
0.999223
0.11301
0.693124
0.394567
0.486344
0.00225726
0.998036
0.998369
5.99785e-05
0.984799
0.998581
0.812815
0.303818
0.000150504
0.000198901
0.0110606
0.128511
0.507711
0.996923
0.000158281
0.014991
0.998972
0.249117
0.000873811
0.00158215
0.000287841
0.9998
0.0280859
0.000538629
0.999378
0.000126898
0.00658696
0.999938
0.00010317
0.930524
0.0199362
5.24717e-05
0.98997
0.725029
0.598016
0.939075
0.00658746
0.99968
0.0872948
0.241283
0.00347836
0.708522
0.100375
7.55237e-05
0.999824
0.999452
0.999733
0.768907
0.898024
0.999951
0.126831
0.998868
0.978991
0.0193327
0.805098
0.0296725
0.997568
0.00117592
0.995346
8.89888e-05
0.998858
0.429101
0.885856
0.977455
0.00135665
0.129677
0.696607
0.000245552
0.997428
0.000212738
0.991497
0.000171491
0.000163455
0.00900055
0.999911
3.56809e-05
0.0261575
0.997782
0.677679
0.99952
0.127016
0.977335
6.19512e-05
0.152258
0.00670429
0.938539
0.95933
0.00285952
0.0590371
0.101942
0.620165
0.943619
0.999522
0.357548
0.866228
0.830688
0.995437
4.90639e-05
0.100304
0.947932
0.000503311
5.40299e-05
0.992058
0.999924
0.00969108
0.774527
0.985887
0.979521
0.760676
0.999589
0.962494
0.998219
0.0194455
0.0180999
0.853806
0.000413731
0.00185617
0.997612
0.721673
0.99944
0.997992
0.893416
7.01271e-05
0.088131
0.993759
0.0277304
0.952007
0.704349
0.993719
0.999052
0.99985
0.960671
0.999417
0.999769
0.100455
0.981218
0.999895
0.999715
0.999813
0.999948
0.0101127
0.00251197
0.0786341
0.99932
0.999589
0.0995032
0.996325
0.0109466
0.00255267
7.34643e-05
0.998169
0.121474
0.979147
0.0559609
0.000744404
0.308959
0.972611
0.0578892
0.99444
0.00898995
0.997192
0.00096121
0.968541
0.947429
0.00081851
0.0259337
6.38797e-05
0.0462166
0.992816
0.00321974
0.928467
0.0296004
0.999362
0.999518
0.288851
0.0020267
0.999514
0.00193466
7.37998e-05
0.696143
0.851676
0.0355486
0.063958
0.998924
0.00325072
0.674794
0.788935
0.0293579
6.39046e-05
0.000569044
0.0342014
0.989485
0.959583
0.494011
0.763168
0.647058
0.00109646
0.00605234
0.0152206
0.999342
0.983584
0.00303729
0.998642
0.998903
0.0282667
0.665642
0.000152134
0.999151
0.712115
0.0034686
0.587285
5.83384e-05
0.807679
0.232808
0.999264
0.996038
0.999857
0.204798
0.00439735
0.441006
0.72846
0.000240918
0.957332
0.996578
0.998718
0.99984
0.870039
0.997766
0.536675
0.00183509
0.00123067
0.411623
0.983085
0.000291535
0.897233
0.000175334
0.594848
0.00317284
0.981865
0.910271
0.967528
0.995015
0.0024178
0.994377
0.999803
0.999892
0.00423113
0.999243
0.0749175
6.27991e-05
0.000354115
0.00105534
0.996476
0.878209
0.00437089
0.658363
0.99356
0.999692
0.588406
0.00374328
0.995529
0.0146221
0.974244
0.0874851
0.996483
0.998898
0.402394
0.994765
0.000164674
0.445617
0.0746708
1.45866e-05
0.435841
0.984216
0.996968
0.998798
0.549916
0.999902
0.994069
4.71747e-05
0.708708
0.133838
2.182e-05
0.0168898
0.0314485
0.997351
3.47037e-05
0.10283
0.851425
0.996071
0.14267
0.648592
0.0215177
0.00973264
0.999875
0.999743
0.00212781
0.390857
0.338353
0.117675
0.99698
0.0247152
0.999817
0.00010261
0.99903
0.999469
0.0127197
0.997266
0.959272
6.10254e-05
0.998982
0.0313574
0.99962
0.0134447
0.587751
0.240087
0.000135275
0.833893
0.998596
0.248088
0.0128746
2.17493e-05
0.997134
0.997911
0.999049
0.999553
0.761747
0.365042
0.999328
0.00622497
0.242464
0.087317
0.984713
0.0141353
0.999957
0.0114441
0.0439987
0.00526198
0.689941
0.000720201
0.999338
0.496447
0.999513
0.722591
0.0409262
0.0981007
8.86788e-05
0.0482528
0.000524025
0.0499711
0.973022
0.106577
0.897115
0.998369
0.997738
0.983679
0.173106
0.00147896
0.999076
0.999904
0.99962
0.990979
0.00793547
0.879564
0.998567
0.11618
0.867463
0.999904
0.141177
0.000137653
0.999342
0.906599
0.541978
0.0132031
0.69555
0.80243
0.983898
0.0706574
0.130947
0.975773
0.0195116
0.00276388
0.999513
0.999779
0.99441
0.00857013
0.0295583
0.99924
0.14974
0.992174
4.87361e-05
0.996118
0.997625
0.0640742
0.984532
0.110097
0.000148897
0.999635
0.998739
0.199016
0.00650736
0.000898206
0.23602
2.72698e-05
0.994601
0.426313
0.727293
0.99309
0.00124398
0.178691
0.0002774
0.155348
0.0468281
0.998958
2.93965e-05
0.995625
0.999192
0.000324837
0.00175602
0.0103453
0.143991
0.0152363
0.000196194
0.956661
0.994945
0.134438
0.998641
0.000106172
0.997743
0.119391
0.0657481
0.00196704
0.826517
0.99179
0.815563
0.997332
3.86673e-05
0.994531
0.00188058
0.0876395
0.00144567
0.999904
0.000564225
0.903233
0.999111
0.998891
0.999921
0.0800898
0.983992
0.0028215
0.339994
0.0194101
0.00023487
0.99972
0.542956
0.999689
0.00033988
0.999042
0.966289
0.0705256
0.856144
0.19764
0.0651699
0.137735
0.999851
0.00128055
0.692621
0.00467567
0.008042
0.00611245
0.0086595
0.973419
0.0494486
0.993241
0.999855
0.999858
0.701308
0.0759193
0.00773562
0.999197
6.66913e-05
0.720057
0.999848
0.995805
0.969288
1.91571e-05
0.663333
0.00946919
0.00164364
0.951623
0.999166
0.00113037
0.00313424
0.929796
0.799481
0.999835
0.929008
0.58483
0.982756
0.99971
0.999241
0.999805
0.99958
0.585811
0.99905
0.263091
0.354651
0.998084
0.250217
0.163492
0.999837
0.00974006
0.797203
0.989413
0.998806
0.999819
0.547374
0.99355
0.00759646
0.99745
0.99879
0.889742
0.000219309
0.076348
0.0183886
0.00395869
4.21915e-05
0.128872
0.952246
0.137402
0.0629591
0.00883962
0.127644
0.000125363
0.999403
0.000808918
0.00125013
0.962521
0.0409606
0.999593
0.00260023
0.64671
0.98386
0.965958
0.995219
0.996714
0.000475215
0.332733
0.998402
0.999527
0.995829
0.0165449
8.71005e-05
0.999459
0.572887
0.999069
0.999397
0.999359
0.786357
0.998766
0.000764973
3.39861e-05
2.20647e-05
0.00245366
3.01117e-05
0.00572327
0.00277259
0.00139201
0.00234794
0.000282176
0.960173
0.960305
0.110009
0.0242842
0.00661418
0.97938
0.996552
0.673337
0.999785
0.000204961
0.142571
0.422137
0.996663
0.0636886
0.186255
5.55244e-05
0.947609
0.997189
0.284288
0.991467
0.068119
0.481847
0.99798
0.0035759
0.000317513
0.999787
0.00979943
0.000226848
0.999649
0.979754
0.000409598
0.26731
0.0537735
0.999891
5.02854e-05
0.869092
0.977277
0.73691
0.954041
0.999891
0.999891
0.000477526
0.00573964
0.413454
0.00100187
0.918668
0.00346227
0.00193359
0.96488
0.999763
0.643953
0.0119286
0.0322359
0.966917
0.00298026
0.23899
0.999696
0.758861
0.999762
0.999623
0.986071
4.75554e-05
0.00825914
0.994312
0.000516632
0.999222
0.128526
0.000860068
0.435025
0.000506835
0.00294098
0.999287
0.000173607
0.0411991
0.000576642
0.994435
0.000374249
0.986782
0.000178527
0.00054324
0.981978
0.000917695
0.806105
0.683556
0.998987
0.0546452
0.0159368
0.0509341
0.997952
0.995245
0.624674
0.857239
0.0159088
0.999903
0.00372069
0.783221
0.0011969
0.91064
9.41524e-05
0.000218188
0.88105
0.769455
0.999383
0.0167151
0.578193
0.999086
0.999506
0.00086841
0.132304
0.00289735
0.0402114
0.121232
0.397424
0.997525
0.989041
0.0108359
0.99817
0.998239
0.184587
0.993746
0.00431746
0.99807
0.826068
0.000135262
0.0134098
0.0345483
0.997712
0.855759
3.64131e-05
0.999742
0.0259599
0.000488748
0.999409
0.999562
0.98022
0.00918834
0.990859
0.0361484
0.999643
0.0689732
0.00199006
0.00274046
0.70403
0.000315603
0.999902
0.00319972
4.42269e-05
0.524604
0.00431166
0.998266
0.9584
0.596886
0.999884
9.52151e-05
0.0416793
0.0566201
0.175159
0.487671
0.87127
0.986205
0.819373
0.105365
0.99863
0.0264476
0.451315
0.00873595
0.00040023
0.00513264
0.93851
0.999765
0.000183174
0.996573
0.0236289
0.995063
0.268893
0.591995
3.80278e-05
0.744837
0.00886658
0.000271805
0.380661
0.136385
7.35946e-05
0.0118559
0.100528
0.0194525
0.999298
0.0713666
0.00145728
0.980993
0.00959371
0.634838
0.969508
0.510163
0.988654
0.994999
0.000261763
0.0128704
0.683727
0.993472
0.725028
0.779125
0.996787
0.999934
0.143332
0.993128
0.715189
0.000431451
0.267142
0.652182
0.999046
0.031427
0.999044
0.00775425
0.430942
0.912836
0.998919
0.000207663
0.928003
0.453772
0.997861
0.993207
0.253871
0.999905
2.27632e-05
0.929946
0.0707668
0.000540488
1.17109e-05
0.759965
0.996615
0.000100237
0.0272094
0.926858
0.996742
0.0671045
0.44878
0.0683919
0.291881
4.00111e-05
0.998721
0.000113532
0.989894
0.00425925
0.000946777
0.999611
0.998926
0.99909
0.156587
0.999772
0.0187197
0.929542
0.999634
0.000372653
0.981172
0.999883
0.000371329
0.998335
0.386762
0.999935
0.998839
0.00247816
0.868717
0.999532
0.506283
0.994497
0.715541
0.98123
0.993714
1.00347e-05
0.999845
0.00217217
0.312066
0.0783282
0.000363474
0.882905
0.997237
0.999877
0.999952
6.57362e-05
0.824888
0.992815
0.00545604
0.997899
0.0278048
0.12172
0.00457598
0.882149
0.00224843
0.00814996
0.0013972
0.621587
0.000119277
0.682209
0.997562
0.997595
0.0222516
0.000247226
0.999816
0.025218
0.00929767
0.667715
0.00936345
0.000102707
0.981298
0.995613
0.993213
4.61813e-05
0.989981
0.999902
0.992106
0.0957333
0.981457
0.998582
0.386152
0.895919
0.28533
0.00278264
0.935207
0.229413
0.926029
0.99982
0.992964
0.0139591
0.224026
0.90118
0.00055285
0.954802
0.120586
0.99833
0.000432926
0.999928
0.966599
0.0454175
0.999648
0.9832
0.0544904
0.200094
0.98354
0.407979
0.00248609
0.0292642
0.99991
4.0715e-05
0.145596
0.978772
0.000230836
0.0302107
0.026694
0.012545
0.000881779
0.000390658
0.0125637
0.000380731
0.225094
0.0563983
0.999653
0.000160699
8.14138e-05
0.0485868
0.994966
0.416233
0.0282577
0.997261
0.053606
0.996113
0.845209
0.999947
0.00908124
0.831491
0.998488
0.0361874
0.682041
0.0384067
0.999937
0.0014823
0.698583
0.930873
0.864564
0.905835
0.760913
0.984404
0.995496
0.999511
0.427581
0.155946
0.00111743
0.999819
0.000126051
0.852194
0.996121
0.996193
0.492969
0.99895
0.9996
0.70036
0.000166501
0.991713
0.43522
0.00591611
0.996146
0.144037
0.0942037
0.117167
0.999666
0.9998
0.999058
0.000172673
0.594315
0.244169
0.0148067
0.999497
9.80484e-05
0.999381
0.957736
1.87121e-05
0.000168039
0.886346
0.895078
0.99995
0.0558907
0.999057
0.000143575
0.9985
0.000125865
0.00129601
0.998298
0.996871
0.0963067
0.999168
3.26572e-05
0.00167194
4.79981e-05
0.593037
0.0539333
0.982887
0.0306383
0.109288
0.00149263
0.985846
0.714357
0.336613
0.959027
0.997287
0.616027
0.999763
0.999675
0.608414
0.0040306
0.0445669
8.93764e-05
0.62959
0.0637399
0.0190169
0.0207904
0.995551
0.00277966
0.00266062
0.0631371
4.1535e-05
0.996741
0.999798
0.0094611
0.966959
4.38927e-05
0.999697
0.376838
0.000646511
0.999837
0.00350043
0.0593989
0.0025456
0.202252
0.989243
4.03911e-05
0.998308
0.927355
0.787849
0.999525
0.999557
0.73791
0.422977
0.99974
0.00175402
0.981035
0.837212
0.145911
0.000144897
5.76453e-05
0.99988
0.947904
0.994315
0.983769
0.0196142
0.804135
0.699339
0.000194528
0.999296
0.0231473
0.938237
0.965847
0.950158
0.001752
0.203408
0.0119719
0.918332
0.997784
0.000134303
0.989844
0.687053
0.959863
0.00281241
0.998083
0.980958
8.4924e-06
0.670031
0.730027
0.056156
9.0572e-05
0.145908
0.461748
0.503628
0.213253
0.999809
0.999927
0.10676
0.99411
0.000113708
0.00275784
3.25157e-05
0.999483
0.000511623
0.97376
0.921309
0.835094
0.984424
0.840828
0.999716
0.00184693
0.0120986
0.970607
0.581647
2.87173e-05
0.999133
0.00152838
0.9998
0.489112
0.99725
0.995745
0.861808
0.00299983
0.948131
0.999924
0.998469
0.117995
0.973187
0.892037
0.755213
1.45769e-05
0.00209336
0.00786017
0.560936
0.983755
0.249773
0.999594
0.113702
0.992834
6.85462e-05
0.999613
0.993646
0.00257507
0.999889
0.0828442
0.999926
0.970037
0.000789359
0.261344
0.998111
0.995381
0.000103869
0.0235864
0.996486
0.126259
0.992615
0.934701
0.544197
0.999905
0.024303
0.198047
8.39942e-05
0.117089
0.5328
0.0369401
2.34694e-05
0.992981
0.051554
0.0267591
6.44302e-05
0.756133
0.999351
0.52763
0.848826
0.99801
0.0123584
0.000262127
0.999425
0.00290393
0.999525
0.00808398
0.0827632
0.00323153
0.967333
0.118954
0.990074
0.708699
0.806614
0.00206376
0.00433862
0.491614
0.650672
0.00135553
0.99695
0.861542
0.0055171
0.979684
0.99985
0.00795858
0.858468
0.999666
0.000886335
0.937605
0.530982
0.0077333
0.999867
9.61472e-05
8.26669e-05
0.98856
0.999724
0.000619283
0.0421161
0.444815
0.531393
0.364291
0.999948
0.0574012
0.893411
0.000344629
0.000170484
0.999056
0.000151786
0.27778
0.993013
0.576841
0.00783338
0.951874
0.00178528
0.999087
0.999249
0.919232
0.998679
0.0453296
0.999773
0.000361451
0.00076766
0.000471792
0.999472
0.990516
0.836985
0.0254378
0.706299
0.367016
0.0338516
0.860409
0.164271
0.999871
0.473357
0.0383198
0.0952204
0.968399
0.989024
0.960972
0.0177797
0.391148
0.999825
0.988673
0.0154162
0.974403
0.395364
0.99868
0.99667
0.00125025
0.0186753
0.905933
0.965467
0.976227
0.990188
0.999935
8.37712e-05
0.400243
0.0746353
0.951933
0.618845
0.971467
0.991586
0.986482
0.98231
0.989268
0.0395675
0.00371293
6.85195e-05
0.0487026
0.999443
0.999764
0.0217668
0.995855
0.743141
0.374352
0.0346318
0.968398
0.00617492
0.996512
0.999586
0.00202714
0.179704
0.997069
0.0105487
0.984062
0.757681
0.000122541
0.83343
0.000846806
0.000491455
0.971283
0.00960954
0.0429706
6.54067e-05
0.0107
0.763456
0.208308
0.000152783
0.0178243
0.000210695
0.999606
0.1104
0.999762
0.0014262
0.000318293
0.422181
0.175517
0.00100888
0.706922
0.999781
0.978465
0.999257
0.118121
0.238005
0.951913
0.607561
0.061811
0.999932
0.996691
0.988695
0.268662
0.120294
0.000696041
0.00658794
0.999862
0.990332
0.973851
0.941599
0.265245
0.368028
0.35659
0.480656
0.476615
0.999918
0.956276
0.0415577
0.992515
0.00267343
0.837098
5.56972e-05
0.999099
0.752123
0.999507
0.00331409
0.00430561
0.728717
0.000352865
0.166092
0.999145
0.906045
0.966779
0.261943
0.997102
0.999736
0.999405
0.617341
0.637996
4.13633e-05
0.741589
0.953864
0.996244
0.0196199
0.978972
0.999209
0.759305
9.37027e-05
0.995922
0.00151517
0.936571
0.0327814
0.590101
0.000347416
0.994713
0.00260365
0.867207
0.998043
0.877157
0.992853
0.996852
0.998433
0.998103
0.00130282
0.998823
0.549843
0.818515
0.382195
0.999778
0.000435714
0.0410631
0.982476
0.957903
0.754526
0.967708
0.981051
0.951716
0.0023066
0.022864
0.000103095
1.31289e-05
0.486079
0.999188
0.374336
3.94915e-05
0.998041
0.999966
0.683792
0.000202117
0.175345
0.00194317
0.998656
0.993544
0.000394808
0.0107837
0.723041
5.51555e-05
0.999916
0.000261513
0.501593
0.893996
0.484468
0.985345
0.997628
0.992872
0.998804
0.999652
0.888661
0.999913
0.00557064
0.0327341
0.00230737
0.761633
0.022709
0.000100502
0.000474491
0.0139962
0.241393
0.323922
3.92254e-05
0.0547646
0.997716
0.000789825
0.995901
0.000115909
0.165616
0.376538
0.723629
0.980012
0.999865
0.993242
0.0155444
0.99795
0.999195
0.075804
0.00207364
0.99996
0.999947
0.982059
0.946883
0.793451
0.000241551
0.996865
0.993627
0.0249664
0.000122401
0.0014095
0.939279
0.99564
0.0427201
0.352837
0.0279593
0.99472
0.0740401
0.989083
0.0271972
0.997782
0.147002
0.877623
0.711776
0.0739618
0.667714
0.999613
0.00162396
0.999955
0.0224301
0.999734
0.999319
0.000346357
0.990677
0.524267
3.93454e-05
0.000129644
0.993617
0.999923
0.000226587
0.0447497
0.943434
0.999948
0.99959
0.0148291
0.999726
0.999911
0.735624
0.914593
0.412919
0.991589
0.999826
0.00145396
0.00790611
0.0214469
0.886197
0.00274441
0.996883
0.924394
0.99357
0.00150944
0.614749
0.096244
0.00342402
0.000289322
0.101742
0.00339106
0.96659
0.99768
0.976422
0.401674
0.672317
0.00688446
0.0301258
0.979156
0.373554
0.00187509
0.249081
0.999153
8.01746e-05
0.995446
0.245928
0.0125124
0.0226266
0.0281689
0.918838
0.334817
0.997805
0.123546
0.00888511
0.998205
0.00267157
0.000170469
3.28142e-05
0.996064
0.998855
0.992168
0.0784632
0.947743
0.000214834
0.995943
1.99308e-05
0.993645
0.00277578
0.442242
0.999926
0.149366
0.0240839
0.684747
0.970114
0.0611682
0.692479
0.995911
0.0119254
0.999164
0.999402
0.206116
0.0342469
0.00406858
0.971458
0.941274
0.0533433
0.998829
0.525437
0.98332
0.867849
0.998722
0.731955
0.00016442
0.0667168
0.103495
0.164747
0.834828
0.984784
0.00719187
0.000548473
4.89204e-05
0.00222984
0.0138246
0.999658
0.0318294
0.476726
0.999933
0.000151047
0.983911
0.999934
1.19643e-05
0.0029463
0.000493113
3.82348e-05
0.996338
0.866675
0.952127
0.754542
0.884395
0.999841
0.877709
0.699248
0.848064
0.907267
0.577473
0.9969
0.268375
0.99987
0.00324394
0.550496
0.139597
0.000613085
0.00663751
0.00424084
0.0140954
0.999804
0.93032
0.000543675
0.99823
0.0495745
0.963627
8.82464e-05
0.994766
0.000408965
0.996153
0.999864
0.0078374
0.999268
9.80456e-05
0.00266952
0.400708
0.00109716
0.000786114
0.00576384
0.00412296
0.993225
0.13525
0.987441
0.00355211
1.45373e-05
0.000289049
0.694726
0.999835
0.315258
0.478418
0.999513
8.27481e-05
0.00224393
0.615609
0.000615244
0.0985968
0.00576956
0.597854
0.775827
4.197e-05
0.970504
0.969312
0.995848
0.992117
0.42416
0.0325349
0.999123
0.00380713
0.042809
0.00129602
0.759469
0.0266544
0.0355134
0.998038
0.723122
0.144017
0.411088
5.98881e-05
0.966378
0.00482907
0.000132417
0.999901
3.07371e-05
0.000537494
0.000639291
0.0129851
0.992288
0.30254
0.998558
0.718103
0.00021359
0.997941
0.000101997
0.0141563
0.999948
5.82362e-05
0.250329
0.00444935
0.00420802
1.71609e-05
0.885101
0.998739
0.987721
0.996495
0.00227318
0.772211
0.00852792
0.000781563
0.998613
0.452875
0.229777
0.427791
0.99017
0.859557
0.306371
0.159915
0.000411091
0.0283833
0.999608
0.235252
0.00187437
0.970433
0.000967472
0.0569193
0.999291
0.999676
4.30688e-05
0.00274214
9.12702e-05
0.999758
0.999617
0.999363
0.0297324
0.996262
0.854284
0.999832
0.00795659
0.9996
0.0904448
0.99935
0.977492
0.895646
0.0177102
0.00165962
0.467836
0.982886
0.893409
0.0453218
8.7828e-05
0.672759
0.903829
0.00629898
0.999568
0.99371
0.907042
0.0442137
0.963203
0.00310888
0.0594372
0.000480593
0.551957
0.030562
0.0400541
0.983933
0.0746262
0.999906
0.0119908
0.0270983
0.00251046
0.943953
0.97386
0.995512
0.992324
0.998701
0.999428
0.0815234
0.000151107
0.0735535
0.999618
0.991414
0.999911
0.999375
0.999901
0.912368
0.651003
0.970506
0.000299627
0.971134
0.00019441
0.956888
0.000837543
0.994962
0.0248674
0.00379117
0.00868715
0.0571606
0.125651
0.991913
0.0367631
0.00179726
0.999087
0.00548489
0.000429027
0.879192
0.938625
0.967581
0.528774
0.00273915
0.000529322
0.101519
4.71233e-05
0.99232
0.998448
0.996583
0.00364968
0.000512086
0.0209776
0.998233
0.564407
0.999798
0.996518
0.000193533
0.999215
0.000351669
0.687874
0.997779
0.00520932
0.114842
0.0933693
0.943388
0.999933
0.127303
0.999698
0.0542548
0.990821
0.998956
0.999152
0.999345
0.9532
0.157147
0.999257
0.00153029
0.00286841
0.978405
0.0477824
0.00031196
0.141788
0.844974
0.0195545
0.997246
0.00033792
0.731811
0.00122621
0.92201
0.00164653
0.00298758
4.08899e-05
0.22689
0.815556
2.58705e-05
0.00811124
0.0231461
0.0287616
0.000425636
0.996209
0.99896
0.998732
0.993076
0.999807
0.727207
0.00433524
0.00289198
0.605433
0.00654135
0.15336
0.000257684
0.00047111
0.999857
0.0596582
0.618697
0.996476
0.778287
0.998554
0.391289
0.972469
0.99755
0.00822958
0.00605764
0.00776293
0.99993
0.968172
0.0012094
0.991788
0.00112835
0.00565519
0.00890336
0.000886584
0.999781
0.00120107
0.984888
0.998368
0.0136671
0.999931
0.619416
0.327978
0.00121161
0.966546
8.20215e-05
0.997422
0.112243
0.0309493
0.000408538
0.0113334
0.287544
0.0140524
0.994814
0.00294126
0.993625
0.183217
0.99438
0.00322095
0.0279
0.00334355
0.0916192
0.99991
0.0187719
0.997956
0.0121568
0.601339
0.150308
0.00564938
0.946373
0.999101
0.594412
0.999882
0.19786
0.0245448
0.162558
0.000167565
0.968704
0.0456515
0.999102
0.40449
0.391402
0.0163313
0.997258
5.6812e-05
0.96375
0.998743
0.00515746
0.085673
0.000147936
0.997896
0.861658
0.820645
0.943593
5.04023e-05
0.98439
0.796825
0.998721
0.999206
0.991703
0.00279316
0.997122
0.999044
0.992141
0.241022
0.000130988
0.00105196
0.889877
0.996569
0.307951
0.973855
0.00685963
0.254694
0.873909
0.00391053
0.992872
0.999461
0.898412
0.459668
0.585394
0.998854
0.995544
0.0662552
0.00042469
0.979921
0.886113
0.822151
0.999394
0.00553047
0.00598683
0.635141
0.727375
0.00390119
0.838099
0.000463027
7.2443e-05
0.998908
0.057914
0.00161528
0.0465724
0.99006
0.904458
0.999509
0.999842
0.989714
0.448796
0.0340746
0.99681
0.196278
0.586314
0.734168
0.208981
0.903659
0.998043
0.737348
0.999651
0.998729
0.0103175
0.98994
0.979375
0.998212
0.999695
0.999781
0.957798
0.0159922
0.99111
0.973512
0.831819
0.996596
5.36081e-05
0.220089
0.983524
0.00108051
0.969162
0.944805
0.00238183
0.00118788
0.17203
0.000822968
0.00036742
0.916213
0.709777
0.99892
0.999734
0.397444
0.942653
0.905694
0.283871
0.0262083
0.994323
0.894118
0.999623
0.000100763
0.109063
0.438473
0.429057
0.620894
0.999637
0.0010476
0.921079
0.00259036
0.115669
0.988725
0.0624963
0.000142894
0.337827
0.999757
0.880836
0.870163
0.685966
0.00354253
0.0866467
0.874228
0.0119333
0.0385331
0.16611
0.993473
0.00573057
0.998561
0.698474
0.393865
0.997756
0.151696
0.933342
0.765425
0.98211
0.135186
0.168375
0.794794
0.999292
0.0305888
0.999171
0.980438
1.7067e-05
0.0108774
0.00439367
0.000127215
0.00257174
0.0177801
0.000545028
0.952707
9.63443e-05
0.019838
0.12967
0.978832
4.28839e-05
0.998613
0.0052626
0.201259
0.958769
0.995167
0.24313
6.01766e-05
0.334641
0.00367528
0.999243
0.997093
0.994379
0.855914
0.759018
0.00558851
0.991154
0.00102777
0.0146814
0.296068
0.255406
0.991584
0.00629371
0.995591
0.981127
0.191143
0.806578
0.950772
0.748321
0.000165671
0.999021
0.951186
0.951248
0.0113657
0.00861122
0.0125358
0.0301988
0.999905
0.999428
0.000211317
0.986498
0.0261579
0.998749
0.640247
0.765322
0.566038
0.00930737
0.999233
0.332604
0.0274661
0.997573
0.000290751
0.174614
0.00114958
0.00478808
0.00016572
1.71065e-05
0.854908
0.00626568
0.0655788
0.99748
0.866331
0.00196689
0.000153356
0.391389
0.172344
0.0113842
0.995436
0.979675
0.999641
0.0116867
0.0186504
0.0844715
0.0558418
0.9965
0.998831
0.00055341
0.00784382
0.000723521
0.998825
0.0309245
0.0494807
0.0017762
0.99925
0.999043
0.00405265
0.999615
0.00166084
0.0369902
0.126681
0.0915248
0.0421165
0.998983
0.0984241
0.967934
0.000768926
0.690567
0.993707
0.0105009
0.0134131
0.298137
0.000164363
0.997584
0.00025842
0.999772
0.803158
0.745198
0.00238572
1.73282e-05
0.0078811
0.999531
0.973988
0.078094
0.564244
0.946575
0.999175
0.906132
0.999183
0.000260014
0.335335
0.989448
0.994511
0.761784
0.961116
0.638594
0.715455
0.000442711
0.756324
0.000273998
0.0693286
0.00109239
0.995721
0.999858
0.89457
0.993191
0.0372733
0.42645
0.999575
0.0252588
0.974564
0.99681
0.256711
0.996666
0.999312
0.0936658
0.815228
0.0092353
0.000437736
0.366026
0.230071
0.905233
0.99828
0.000846889
0.126253
0.0470073
0.00162849
4.13125e-05
0.00367459
0.998908
0.991316
0.000156812
0.999231
0.227338
0.983595
0.997749
0.999486
0.131943
0.887846
0.000781444
0.994661
0.111045
0.165865
0.978471
0.00047795
0.901559
0.000221848
0.0523964
0.998845
0.00416141
0.998835
0.00443314
0.0216724
0.0207139
0.120371
0.365964
0.00244804
0.00157526
0.0429847
0.997851
0.928479
0.885541
0.999842
0.996029
0.999729
0.393733
0.00575477
0.298049
0.000397535
0.984721
0.0689835
0.996671
0.00114963
0.00014779
0.937364
0.000209127
0.044267
0.175991
0.0144544
0.997888
0.564294
0.537063
0.000333337
0.00142149
0.703741
0.999751
0.434498
0.0157529
0.862392
3.73803e-05
0.00315204
0.000962481
0.00569981
0.25873
0.00039214
0.505489
0.945093
0.999433
0.000353641
0.000406202
0.735478
0.995278
0.997594
0.999139
0.999914
0.000205775
0.999352
0.999549
0.00121259
0.509955
0.998804
0.0107673
0.01823
0.997631
0.745443
0.00265878
0.00436089
0.000302943
0.985509
0.990946
0.776391
0.982141
0.999211
0.989595
0.000657545
0.000778514
0.999264
0.0646493
0.000846176
0.993732
0.373655
0.997066
0.968859
0.993898
0.000115787
0.867736
0.0756815
0.999681
0.0395735
0.00016327
0.0460366
0.997206
0.00458267
0.982937
0.0453337
0.410395
0.000236755
4.55449e-05
0.00200188
0.999797
0.00027437
0.964761
0.734741
0.997907
0.00222787
0.687477
0.0201185
0.70013
0.584089
0.326349
0.999772
0.455604
0.000317015
0.999488
0.000225911
0.0995914
0.407037
0.938837
0.999401
0.109246
0.000203723
0.000501162
0.99985
0.127785
0.000382154
2.10858e-05
0.0145619
0.268513
0.998446
0.159416
0.999797
0.00312773
0.206116
0.000320177
0.787348
0.99652
0.00110487
0.59888
0.00530369
0.988186
0.00117922
0.0296891
0.000394475
0.996202
0.0862763
0.0189904
0.15265
0.000378998
0.00706036
0.948035
0.999743
0.994196
0.213926
0.229315
0.998189
0.991671
0.999631
0.999681
0.0487249
6.86284e-05
0.000188146
0.143452
0.999636
0.994675
0.999032
0.00449019
0.00127175
0.999832
0.999865
0.997413
0.999939
0.0409261
0.0234622
0.0312806
0.0200559
0.159455
0.00250517
0.982892
0.00128548
0.0641102
0.987093
0.00116629
0.999933
0.0039642
0.550376
0.005069
0.999686
0.0232229
0.000304001
0.00488477
0.973395
0.746623
0.997906
0.999656
0.661498
0.999853
0.000311006
0.00122787
0.107737
0.997022
0.185941
0.17083
0.000988947
0.993507
0.999092
0.142067
0.592541
0.0120487
0.187127
0.975603
0.97349
0.00673155
0.0424258
0.999217
0.00215235
0.969133
0.035713
0.985946
0.131669
0.0338024
0.202183
0.999832
0.523494
0.0322257
0.109014
0.800826
0.999946
0.00467144
9.33924e-05
0.84064
0.000962221
0.0101252
0.0737506
0.775391
0.477939
6.70848e-05
0.985414
0.960664
0.998961
0.999427
0.999203
0.00095887
0.000596174
0.946929
0.827225
0.0165592
0.992152
8.04384e-05
0.00130363
1.57869e-05
0.603431
0.611658
0.0576199
0.996316
0.963949
0.542753
0.739033
0.999508
0.877312
0.965202
0.892963
0.00011715
0.759985
0.075291
0.00304658
0.995299
0.277821
0.000869825
0.99988
0.027196
0.0196373
0.621723
0.996678
0.00945544
0.0038462
0.934551
0.000572555
0.972294
8.21755e-05
0.000290085
0.0333574
0.783058
0.00183633
0.000426185
0.433732
0.477105
0.000270628
0.0216834
0.226792
0.858568
0.00291378
0.990974
0.262748
0.998323
0.00252978
0.975999
0.592155
0.266785
0.99991
0.0968745
0.999407
0.00224111
0.932556
0.98105
0.9999
0.99987
0.995445
0.158185
0.599923
0.0060742
0.234416
0.000760884
0.0249446
0.0435521
0.235109
0.000657372
0.984922
0.963178
0.61879
0.00503233
0.996717
0.987852
0.00123542
0.018026
0.946378
0.999251
0.00175654
0.998934
0.99978
0.999685
0.99949
0.999494
0.968528
0.966095
0.0373876
0.999798
0.0812961
0.999798
0.809403
0.00143053
0.000578961
0.886472
0.0899373
0.90204
0.0652558
4.77139e-05
0.596164
0.998425
0.999247
0.996417
0.998194
0.00175296
5.82659e-05
0.0117993
0.821452
0.985867
0.454017
0.00027215
0.117056
0.0655383
0.969674
0.99924
0.000173572
0.00114381
0.999931
0.000557425
0.0757973
0.01288
0.00068133
0.829149
0.992168
0.955509
0.999816
0.710538
0.999647
0.0176053
0.998278
0.855283
0.739072
0.00119512
0.992407
0.00198933
0.000107732
0.959366
0.00632782
0.000618131
0.546777
0.999878
0.948689
0.720052
0.996882
0.719414
0.999308
0.999948
0.0228167
0.935317
0.000109965
0.575824
0.999658
0.00193613
0.42009
0.995878
4.53753e-05
0.948788
0.0121799
0.988359
0.000135108
0.553325
0.991789
0.401234
0.0609494
0.998606
0.999423
0.0315359
4.49117e-05
0.00109367
0.00218845
0.99993
0.000767147
0.00325907
0.000738905
0.780184
0.002536
0.437055
0.000585017
0.999086
0.942359
0.981384
0.0143326
0.00806942
0.0350022
0.359778
0.615245
0.450111
0.999893
0.000845653
0.0131477
0.000503384
0.999081
0.000646909
0.828791
0.0185917
0.999467
0.252711
0.999566
0.770195
0.0003919
0.00338236
0.92121
0.994154
0.000986366
0.000711963
9.6022e-06
0.997414
0.182469
0.00344866
0.999931
0.99986
0.0596105
0.967155
0.91832
0.972132
0.31361
0.00274578
0.0486096
0.000709327
0.0106058
0.9034
0.000114567
0.00114609
0.999547
0.736413
0.9993
0.990249
0.000698614
0.287354
0.000208637
0.000810468
0.852151
0.000276782
0.986831
0.854151
0.974817
0.0985924
0.940211
0.999679
0.999217
0.342089
0.995085
0.00237286
0.00177183
6.84137e-05
0.9971
0.999755
0.743649
4.74664e-05
0.831867
0.975252
0.968564
0.929849
0.995042
0.0244098
0.998667
0.997589
0.959941
0.443611
0.108997
0.00292723
0.955692
0.0324832
0.027686
0.916045
0.0999659
0.0974883
0.0060577
0.991298
0.795444
0.698829
0.998096
0.953084
0.900022
0.262031
0.0302536
0.997839
0.999884
0.993802
0.999449
7.73409e-05
0.999338
0.00901923
0.997885
0.00361075
0.0174648
0.999951
0.00123369
0.985763
0.926198
0.893636
0.148079
0.010606
0.992669
0.0325152
0.99802
2.11712e-05
0.937568
0.999928
0.99921
0.997609
0.972779
0.164662
0.921989
0.997936
0.994144
0.999474
0.945411
0.995712
0.007819
0.000166043
0.498798
0.292888
0.0308565
0.00375032
8.75814e-05
7.80022e-05
0.999949
0.092204
0.775924
9.79292e-05
0.00013508
0.139464
0.386695
0.997029
0.95228
0.0056779
0.960898
0.992642
0.000148953
0.104674
0.00204759
0.842747
0.217506
0.992285
0.963858
0.575528
0.000149725
0.999822
0.00565456
0.986188
0.984663
0.000284753
0.99983
0.912473
0.681008
0.0327881
0.00473217
0.999516
0.000740207
0.667285
0.262932
0.11412
0.346741
0.888367
0.986132
0.0326889
0.999862
0.515472
0.00311709
0.999889
0.47793
0.993711
0.999643
0.996637
0.0201148
0.999779
0.966349
0.00169355
0.00954042
1.86222e-05
0.00508731
0.999902
0.0650592
0.999194
0.00241543
0.589005
0.0442775
0.0562053
0.748302
0.00403977
0.0153915
0.447882
0.961188
0.738508
0.000247592
0.216488
0.197603
0.99851
0.0249284
0.0251987
0.163516
0.999919
0.93653
0.000264889
0.15985
0.999787
0.83046
0.00473714
0.730705
0.320575
0.99986
0.969394
0.417602
0.000776194
0.974402
0.987965
0.120669
0.0940683
0.464717
0.998638
0.018522
0.980894
0.999892
6.72289e-05
0.999955
0.352845
0.625044
0.000586169
0.0961076
0.797866
8.04458e-05
0.000176778
0.965503
0.99967
0.999685
0.882474
0.00381491
0.527379
0.00534311
0.108097
0.242222
0.998898
0.0679665
0.997362
0.0011742
4.77516e-05
0.0203015
0.999886
0.214401
0.0013422
0.998416
4.97337e-05
0.609335
0.992343
0.990083
7.40138e-05
0.997117
0.000577015
0.00111398
0.999876
0.962874
0.881079
0.101739
0.99992
0.000145725
0.99907
0.94612
0.998976
0.999578
0.156034
0.895284
0.000363249
0.999973
0.999117
0.890804
0.997325
0.999162
0.984329
0.940772
0.000559025
0.0954787
0.955541
0.998834
0.00224483
0.336863
0.997918
0.477953
0.00108706
0.995723
0.926606
0.999049
5.9701e-05
0.999597
0.980992
0.839389
0.00126051
0.937188
0.000184908
0.164596
0.999458
0.60512
0.018039
0.969737
0.0398189
0.039914
0.00124404
0.684808
0.999819
0.656887
0.00051325
0.962715
0.0103656
0.272507
0.991704
0.996849
0.999316
0.000401786
0.999716
0.0225875
0.000155958
0.446799
0.548108
0.407453
0.806684
0.996837
0.0267063
0.900915
0.00134571
0.562772
0.950788
0.209903
0.908972
0.995917
0.537695
0.164483
0.780761
0.95797
0.0762023
0.984423
0.270473
0.996573
0.000285517
0.000348589
0.769889
0.998334
0.99732
0.558279
0.592498
0.586717
0.0188386
0.000146623
0.00184994
0.0507514
0.998692
0.859002
0.541954
0.910272
0.984849
0.000290418
0.999957
0.991738
0.000110654
0.00620664
0.000481372
0.386278
0.531876
0.998663
0.0695839
0.943828
0.999846
0.0326657
0.00608216
0.847011
0.999563
0.997431
0.999245
0.919811
0.0893241
0.947098
0.574596
0.00795742
0.00127752
0.999703
0.0821482
0.00355927
0.999591
0.0252285
0.811828
0.000113959
0.116395
0.0321196
0.909647
0.0332549
0.0237783
0.83962
0.999349
0.0847289
0.000128515
0.999638
0.00123626
0.163811
0.0455452
0.512331
0.00175903
0.000423422
0.897966
3.38513e-05
0.999325
0.336054
0.00163946
0.571513
0.0214118
0.999829
0.000906039
0.999722
0.999779
0.98158
0.309555
0.999934
0.796218
0.954353
0.699601
0.120938
0.999937
0.999908
0.562274
0.676264
0.000356593
0.0265397
0.0403649
0.975128
0.998042
0.999947
0.618675
0.772986
0.317713
0.858572
0.973364
0.999288
0.00249223
0.00142081
0.000337097
0.999498
0.00017806
0.999137
0.876893
1.66898e-05
8.08485e-05
0.999868
0.000196565
0.163938
0.0445013
0.998154
0.736547
0.0837916
0.999703
0.999166
3.06453e-05
0.00273939
0.998627
0.684025
0.983571
0.000270179
0.99772
0.229777
0.00301975
0.529139
0.999883
0.0509529
0.322114
0.00183907
0.553621
0.999643
0.997429
0.547696
0.00942076
0.999121
0.999794
0.79489
0.000123099
0.999032
0.606614
0.0073524
0.917347
0.316533
0.000217461
0.465054
0.960748
0.0220167
0.0928964
0.115486
0.44413
0.000121007
0.000283306
0.00919347
0.468758
0.0501371
0.00115454
0.00394503
0.273514
0.999218
0.999585
0.99949
0.000125269
0.0812771
0.353883
0.0105467
0.000631304
0.191682
0.941235
0.107414
0.996467
0.130419
0.999766
0.353912
0.20266
0.698671
0.00058459
0.996328
0.999314
0.986953
0.931641
0.0935486
0.995146
0.000122903
0.972984
0.036721
0.0367159
0.386454
0.000277342
0.996989
0.99923
0.00770561
0.999851
0.0142665
0.179473
0.813877
0.000510933
0.999067
0.0240686
0.999811
0.00332778
0.109712
0.845102
0.0519881
0.0846805
0.715028
0.758929
0.999735
0.999914
0.883161
0.0538836
0.025255
0.000200457
0.128957
0.854931
0.995537
0.131179
0.00103726
0.0958323
0.000214384
0.997885
0.99522
0.994905
0.0111355
0.117308
0.00347663
0.167222
0.05383
0.00244386
0.742372
0.999359
0.999534
0.999385
0.000918017
0.999435
0.996594
0.000105812
0.538961
0.749257
0.998592
0.781177
0.0494046
0.72325
0.998923
0.95308
1.68424e-05
0.458303
0.237462
0.487376
0.822284
0.949291
0.999054
2.81769e-05
0.0985944
0.813707
0.591413
0.801777
0.953797
0.999863
0.999508
0.999881
2.12376e-05
0.575776
0.342531
0.283239
0.998893
0.000585321
0.383534
0.997177
0.666978
7.24964e-05
0.805221
0.999496
0.389783
0.999946
0.697299
0.0329705
0.00174392
0.825549
0.000557307
0.997175
0.99956
0.0922014
0.882395
0.999776
0.410081
0.00055029
0.00792605
0.00662855
0.221578
0.999376
0.00303519
0.000690629
0.034483
0.272786
0.0013678
0.0710448
0.0324053
0.00075616
0.994946
0.281454
0.0436721
0.112934
0.00141945
0.972593
0.00241244
0.00437668
0.999551
0.000224071
0.981976
0.924834
0.519151
0.99897
0.0139601
0.568673
0.907711
0.0152376
0.999702
0.991169
0.0037265
0.0753898
0.00216238
0.0692006
0.9995
0.0504465
0.455626
0.00363949
0.862023
0.000118269
0.159854
0.999383
0.00911718
0.958192
7.71316e-05
0.000254315
0.0198408
0.986509
0.00745785
0.999949
0.00352746
0.99972
0.356239
0.292012
0.0470854
0.993389
0.0129077
0.918622
0.6001
0.00421858
0.999656
0.0218737
0.0718597
0.451395
0.989128
0.0380523
0.0083983
0.823898
0.000400664
0.97083
0.944581
0.0258109
0.000554003
0.991084
0.999354
0.995361
0.00130783
0.994956
0.929237
0.854997
0.958699
0.0660106
0.0104674
0.741822
0.994604
0.0234371
0.00640539
0.00030813
0.99417
0.00122676
0.999622
0.0851922
0.999865
0.895258
0.108253
0.969264
0.0808318
0.974033
0.00960144
0.999273
0.0403784
0.427021
0.588697
0.137906
0.531512
0.00326664
0.00318253
0.991384
0.932828
0.950618
0.999927
0.327292
0.999955
0.0851156
0.733732
0.000159404
0.999921
0.000584949
0.0203906
8.5719e-05
0.936014
0.793572
0.980306
0.246224
0.999933
0.680796
0.235289
0.976315
0.00140598
0.993061
0.00124533
0.999947
0.732405
0.00229854
0.783139
0.000412909
0.0115359
0.999761
0.997962
0.398628
0.999835
0.999942
0.968904
0.999923
0.000572234
0.00293365
0.000724637
0.968253
0.15105
0.999731
0.0143643
0.000112706
0.566455
0.958013
0.000177331
0.969483
0.00056107
0.311742
0.0293913
0.996975
0.99927
0.998452
0.91121
3.30355e-05
0.0758978
0.0764839
8.58768e-05
0.522343
0.000171219
2.80135e-05
0.588022
0.960701
0.99969
0.00865742
0.00710961
0.999611
0.00248101
0.73726
0.911484
0.0154979
0.989753
0.554611
0.0130193
0.000310456
0.0145684
0.998589
0.265012
0.986558
4.06354e-05
0.000881637
0.339333
0.524251
0.999829
0.0445497
0.00371263
0.999884
0.960016
0.000788976
0.991039
0.245806
0.161061
0.0360269
0.913747
0.645517
0.000690406
0.990063
0.99618
0.00116674
0.000258161
0.964616
0.208219
0.959343
0.99993
0.00170102
0.739994
0.985582
0.0161425
0.000299294
0.0156698
0.99176
0.999891
0.999613
0.0413377
0.988091
0.806377
0.741063
0.0189526
0.986547
0.899835
3.60622e-05
0.464573
0.899928
0.00847897
0.552592
0.962671
0.123531
0.213851
0.999869
0.996876
0.0120796
0.894187
0.0586195
1.54163e-05
0.000438329
0.0276439
0.999823
0.424734
0.0346606
0.926281
0.00825157
0.974211
0.00017938
0.999944
0.998813
0.110625
0.999601
0.222222
0.968795
0.999595
0.00185476
0.998186
0.998854
0.999723
0.998984
0.000200431
0.31785
0.764947
0.967464
0.983588
0.871227
0.0307615
0.000292435
0.0053027
0.833295
0.000303403
0.00189324
0.000165027
0.988752
0.0171149
0.994456
0.213712
0.934772
0.0330905
1.25953e-05
0.225289
0.96791
0.309074
0.922253
0.0130963
0.000123263
0.802882
0.999865
0.000927002
0.984363
0.994174
0.024403
0.000354575
0.910731
0.999164
0.000371082
0.99618
0.135076
0.000390991
0.07912
0.995288
0.84739
0.999906
0.995862
0.99977
0.685116
0.000235933
5.54195e-05
0.99834
0.0849269
0.197846
0.00982587
0.999349
0.999627
0.0640045
0.000103662
0.974311
0.00693564
0.0810949
0.0112474
0.000555649
0.0119532
0.970047
0.999728
0.00671273
0.0196362
0.999935
0.648653
0.000483208
0.990649
0.410776
0.609148
4.60131e-05
0.00608988
0.99942
0.0305103
0.999149
0.977263
0.000281097
0.00388987
0.999039
0.00384162
0.777096
0.99941
0.174859
0.999908
0.00474762
0.886317
0.999926
0.0361565
0.310082
0.00335997
0.00247541
0.534153
0.00542682
0.999307
0.819079
0.937697
0.000404689
0.982954
0.000303584
0.0795733
0.0921529
0.999872
0.994728
0.322673
0.999558
0.914628
0.0575184
0.901011
0.386147
0.999756
0.999525
0.00212067
0.999817
0.999942
0.999303
0.999832
0.92223
0.998483
0.280213
0.934423
0.93248
0.706438
0.0409206
0.018212
0.961692
0.016381
0.493574
0.0418463
0.149236
5.52599e-05
0.999605
0.370843
0.952364
0.0063516
0.981818
0.414651
0.000513105
0.992833
0.997866
0.583368
0.999934
0.00104148
0.971815
1.98568e-05
0.378046
0.0216474
0.999931
0.00633496
0.789208
0.999853
0.999224
0.958495
0.999635
0.00038166
0.0042124
0.0100337
0.668544
0.000479863
0.00904865
0.931509
0.981936
0.990719
0.999763
0.999625
0.939254
0.128463
0.92741
0.00153754
0.999919
0.00109612
0.999569
0.000404421
0.000194302
0.0233065
0.795344
0.954693
0.999147
0.398134
0.84969
0.804358
0.999543
0.0732531
0.810776
0.999411
0.96179
0.0529631
0.0131733
0.00776594
0.941529
0.991938
0.194611
0.034163
1.43372e-05
0.999702
0.999902
0.988128
0.204526
0.461813
0.999668
0.999145
2.9325e-05
0.0933824
0.0744319
0.886362
0.998799
0.99367
0.000356287
0.92677
0.019847
0.997023
0.0256664
0.973353
0.869848
0.000698221
0.99985
0.000104933
0.940216
0.917321
0.939156
0.00269835
0.58693
0.999733
0.999878
0.997088
0.776858
0.885637
0.000112645
0.137632
0.998883
0.724359
0.616788
0.00099777
0.110796
0.0172527
0.00207892
0.126097
0.000879162
0.999258
0.0966604
0.259046
0.999791
6.67513e-05
0.0386126
0.211717
0.334983
0.99831
0.266
0.996349
0.974639
0.025643
0.0878728
0.195175
0.0119479
0.994257
0.572822
0.469797
0.000103057
0.00232215
0.00552594
0.991384
0.00031753
0.000214609
0.0602871
0.0257963
0.999956
0.000108708
0.999892
0.0353817
0.996615
0.671199
0.748792
0.0235657
0.980811
0.0010207
0.367702
0.998942
0.276242
0.990346
0.0577555
0.990224
0.00553843
0.636621
0.986326
0.0600352
0.00598725
0.00802984
0.0759709
0.989983
0.801509
0.000687395
0.999413
0.795925
0.999233
0.998675
0.0309367
0.898812
0.961569
4.89518e-05
0.872774
0.000456933
0.044605
0.165508
0.371712
0.000366748
0.999858
6.25673e-05
0.89857
0.995837
0.000515731
6.7693e-05
0.997749
0.019001
0.000150686
0.736517
0.00995084
0.133573
0.00425136
0.107472
0.716146
4.02035e-05
0.872326
0.983844
0.991315
0.319786
0.973875
0.984821
0.50387
0.999744
0.517542
0.423716
0.999802
0.999492
0.894479
0.0176635
9.84351e-05
0.609025
0.000862772
0.990374
0.431036
0.0012042
0.00773103
0.180732
0.997647
0.899734
0.00299706
0.826266
0.861872
0.00235609
0.668363
0.000405447
0.999181
0.998744
0.00418321
0.99919
0.999616
0.920274
0.852473
0.999637
0.936569
0.0730561
0.00508042
0.995213
0.996302
0.999739
0.550595
0.222882
0.320144
0.537146
0.923913
0.360596
0.998115
0.998487
0.99704
0.436341
0.999766
0.995097
0.52473
0.000132048
0.00134606
0.00922061
0.002968
0.999669
0.933671
0.0299673
4.67132e-05
0.904107
0.417288
0.137113
0.00093748
0.521212
0.998477
0.79908
0.0360835
0.491179
0.0230333
1.89021e-05
0.999794
0.000302992
0.903215
0.0174611
0.0454485
0.00467671
0.586125
0.203506
0.99902
0.995045
0.0456391
0.997515
0.981594
0.687639
0.00420286
0.000116559
0.6183
0.992058
0.999442
0.928967
0.0979642
0.995108
0.963844
0.914181
0.759993
0.999731
0.0025221
0.763383
0.864874
0.998311
0.999907
5.36918e-05
0.999823
0.000180084
0.998827
1.16118e-05
0.0120276
0.967006
0.124359
0.0470589
0.360998
0.000441486
0.00298613
0.631867
0.89753
0.99973
0.0114759
0.979152
0.999948
0.951375
0.960573
0.999913
0.102991
0.000163291
8.97784e-05
0.986759
0.793873
0.991857
0.00039405
0.927419
0.000176042
0.00821235
0.0191401
0.0376995
0.0210254
0.000571137
0.3308
0.817395
0.00397892
0.999944
0.00023227
0.00010216
0.883841
0.720807
0.988464
0.0012235
0.981921
0.999916
0.000323677
0.478184
0.600042
0.998507
0.000395614
0.000867126
2.56783e-05
0.999412
7.35507e-05
0.697883
0.109613
0.373705
0.000239032
0.000380715
0.00961209
0.983219
0.00369091
0.112238
0.00326052
0.000672617
0.927203
8.9446e-05
0.00283779
0.99984
0.998557
0.997446
0.999742
0.967098
0.00161603
0.0530974
0.989358
0.00196227
0.997721
0.328141
0.0295354
0.522913
0.834911
0.0965068
0.963393
0.996461
0.870177
0.995985
0.999943
0.633775
0.918841
0.000187489
0.999396
0.931852
0.995398
0.211935
0.999775
0.971915
0.916905
0.96913
0.0253081
0.974851
0.995816
0.998584
0.918042
0.858161
0.999443
0.0168111
0.00516332
0.0122787
0.999907
0.569474
4.69861e-05
0.000461529
0.00414104
0.000619688
0.825125
0.641087
0.999765
0.889789
0.999902
0.132723
0.999451
0.987314
0.996046
0.979542
0.997006
0.516552
0.999644
0.137668
0.203402
0.00200654
0.000389756
0.00110571
0.99888
0.321583
0.0174406
0.00624874
0.0248602
0.0289595
0.000701567
0.966352
0.00121424
0.385597
0.992367
0.00051119
0.9989
0.00667547
0.999653
0.99798
0.273633
0.0019314
0.0463047
0.0102699
0.000350872
0.999676
0.00983675
0.862428
0.0079555
0.0169142
0.551473
0.0492636
0.999754
1.54093e-05
0.0142086
0.998705
0.000625313
0.00694096
0.00254589
0.000290816
0.999865
0.99964
0.543823
0.000127839
0.102948
0.998043
0.176299
0.847755
0.999908
0.00806467
0.000219087
0.0915153
0.949059
0.637242
0.997042
0.996902
0.884662
0.986956
0.836661
0.999591
0.0252144
0.965372
5.39965e-05
0.0160683
0.990572
0.0491888
0.0481128
0.995023
0.000670396
0.834268
0.0183444
0.888093
0.000294545
0.142407
0.334087
0.985475
0.605356
0.4784
0.000425962
0.0159585
0.106095
0.1608
1.62798e-05
0.0529242
0.981728
0.0210415
0.00026811
0.00178722
0.000775067
0.0329007
0.0490454
0.0306173
0.00015501
0.914893
0.50269
0.999231
0.999292
0.0486446
0.00165732
0.00834444
0.109148
0.00167047
0.000170545
0.000465502
0.65227
0.964537
0.829951
0.000201506
0.99728
0.0167726
0.000483955
0.00237096
0.00673929
0.988497
0.999384
0.999096
0.999798
0.232494
0.994609
0.928581
0.998589
0.562349
0.999941
0.301325
0.00022665
0.944659
0.998245
0.175005
0.210565
0.000349843
0.00138864
0.997106
0.000192539
0.96067
0.856326
0.989418
0.0923897
0.897679
0.999497
0.000196075
0.996788
0.00184787
0.172913
0.445284
0.99864
0.000389668
0.0314292
0.000401664
0.886304
0.339626
0.988997
0.00142384
0.999551
0.00165323
0.199073
0.00122591
0.999938
0.000446192
0.0951994
0.0286453
0.0486665
0.144836
0.315738
0.65057
0.398642
0.997733
0.000443929
0.347501
0.980202
0.036285
0.280578
0.0075586
0.999471
0.000434002
0.000541284
0.987464
0.279073
0.829231
2.38135e-05
3.93115e-05
0.00067528
0.989762
0.0138973
0.979531
0.00216316
0.0210488
0.999859
0.989405
0.999745
0.533919
0.00048737
0.000392118
0.970013
0.999261
0.000101396
0.999868
0.999464
0.995268
0.678566
0.0757836
0.999718
0.694888
0.0035912
0.925299
0.997762
0.000503293
0.423753
0.105314
0.0421327
0.999149
0.00318491
0.000146362
0.880875
5.57639e-05
0.9999
0.263148
0.997739
0.993483
3.4007e-05
0.00891335
0.118766
0.850497
0.898644
0.989209
0.999881
0.000310268
0.000314649
0.73769
0.986253
0.0655407
0.00250705
0.510423
0.696772
0.00022499
0.976379
0.0430875
0.00457518
0.985712
0.999927
0.082987
0.999809
0.625978
0.795795
8.80946e-05
0.934031
0.00496159
0.00314347
0.999804
0.920481
0.999563
0.000311416
0.232503
0.581323
0.125214
0.999859
0.999379
0.997191
0.974525
0.0195123
0.000511281
0.96591
0.704187
0.0819637
0.986415
0.0575292
0.855708
0.995515
0.0473951
0.987305
0.94258
0.853631
0.989093
0.971237
0.989732
0.999429
0.996784
0.00693714
0.0147367
0.0808491
0.999427
0.990482
0.999422
0.998833
0.99941
0.000216844
0.952694
0.919787
0.998913
0.0124344
0.00299036
0.418149
0.514084
0.309666
0.354084
0.993477
0.00268322
0.0142895
0.0115333
0.281194
0.996794
0.04409
0.735659
0.995422
0.000112793
0.749616
0.0467052
0.99533
0.000590045
0.10322
0.909765
0.0016332
0.97656
0.280427
0.784405
0.00135602
0.877047
0.989733
0.0639417
0.999
0.682902
0.000213579
0.00155184
0.000252524
0.12074
0.999705
0.91113
0.00673225
0.999109
0.99927
0.983137
0.67627
0.00416879
0.0293067
0.998874
0.999756
0.00310202
0.00168357
0.406455
0.990568
0.987935
0.163146
0.00508939
0.01031
0.568868
0.0281286
0.000180869
0.95051
0.978786
0.983437
0.0313705
0.00437458
0.0375734
0.844249
0.180068
0.000653273
0.000207108
0.00134302
0.995945
0.000959443
0.997958
0.962854
0.814635
0.000317116
0.0108427
0.0217155
0.999839
0.958491
0.994434
0.0109429
0.000129301
0.000184365
0.970406
0.985141
0.0541338
0.00020196
0.000248712
0.999879
0.346694
0.0544747
0.147562
0.983506
0.996012
0.00767484
5.38115e-05
0.00173254
0.764695
0.000165074
0.164938
0.111103
0.0639294
0.18982
0.980597
0.0377385
0.999606
0.501569
0.688454
0.101524
0.000211315
0.290119
0.999771
3.90808e-05
0.0311046
0.485535
0.030871
0.999429
0.994995
0.579616
0.0908041
0.0911473
0.987239
0.791904
9.51511e-06
0.994967
0.999878
0.999907
0.983385
0.0207201
0.991551
0.606352
0.998051
0.999925
0.998295
0.0452658
0.960759
0.17811
0.0215231
0.98642
0.942393
0.999716
0.00107322
0.994144
0.997552
0.99744
0.0069646
0.00895701
5.011e-05
0.42855
0.000289074
0.998315
0.0792684
0.00179797
0.605326
0.000115732
0.0104569
0.0042652
0.00153916
0.471202
0.00260986
0.000403272
0.996817
0.999096
0.285638
0.994638
0.000789718
0.976849
0.860225
0.999188
0.985875
0.0203764
0.83129
6.33913e-05
0.99261
0.0036841
0.927496
0.277964
4.57429e-05
0.990189
0.353561
0.0675278
0.996165
0.99897
0.0394569
0.999669
0.00181396
0.998201
0.986753
0.999864
0.999254
0.616158
0.0132721
0.825325
0.999007
0.999176
0.649164
0.413615
0.00233184
0.250622
0.144344
0.0602323
0.000419192
0.00702809
0.981774
0.90765
0.853905
0.32099
0.00755421
0.991945
0.698732
0.832943
4.27743e-05
0.00784949
0.999704
0.00924483
0.998841
0.924813
0.2587
0.0194374
0.574719
0.00950271
0.47336
0.520354
0.577201
0.998626
0.944203
0.00812254
0.999771
0.000455454
0.999914
0.99961
0.331652
0.0143182
0.00699769
0.99971
0.93721
0.999152
0.896234
0.857932
0.940632
0.750984
0.000150102
0.609729
0.995671
0.00336528
0.999314
0.00303637
0.968497
0.0248283
0.122668
0.994944
0.981213
0.000117981
0.999489
0.996428
0.000170491
0.00470512
0.207521
0.999683
0.99707
0.01529
0.0193995
0.999094
0.0103924
0.251399
0.747119
0.998736
0.530742
0.999418
0.99989
0.953119
0.990401
0.00584038
0.996247
0.382455
0.964798
0.0435459
0.00463617
0.998194
0.963133
0.000634013
0.0974736
0.00251998
0.524039
0.999838
0.207298
0.925464
0.999036
0.994063
0.43929
0.326548
0.977394
0.532753
0.139319
0.00398045
2.42106e-05
0.999789
0.983492
0.999752
0.00457374
0.46552
0.00521627
0.00812758
0.00507567
0.999885
0.308998
0.971603
0.993728
0.949359
0.00680534
0.999748
0.00143722
0.972851
0.993595
0.998453
0.902245
0.0184073
0.998346
0.999466
0.170853
0.988704
0.999934
0.00240713
0.000104278
0.000209836
0.993737
0.0457726
0.000445959
0.978893
0.999535
0.0883676
0.998155
0.000102222
0.986213
0.642976
0.446988
0.902653
0.999601
0.142357
0.105059
0.996508
0.623957
0.0420185
0.989329
0.997371
0.985486
0.000872648
0.922558
0.999585
0.513856
0.0731045
0.00364398
0.000532895
0.999881
0.0428757
0.999236
0.880729
0.996674
0.480863
0.981258
0.965398
0.805427
0.851285
0.126899
0.000381842
0.934662
0.988889
0.978566
0.831094
0.658738
0.373059
0.936954
0.962121
0.798477
0.325225
0.77119
0.967157
0.998818
0.0616035
0.0235261
0.968097
0.999845
0.997757
0.999604
0.0014194
0.202992
0.568488
0.428763
0.99898
0.974567
0.0101004
0.127488
0.000671158
0.999907
0.0257374
0.999493
0.485347
0.00350385
0.0482225
0.9941
0.1218
0.900043
0.0013198
0.998913
0.0328177
0.999102
0.998304
0.999629
0.0457127
0.0933491
9.76457e-05
0.0579553
0.99995
0.996981
0.00102377
0.0748924
0.994901
0.744685
0.814505
0.999896
0.0517864
0.988651
2.55899e-05
0.975909
0.99893
0.930335
0.413566
0.00143783
0.943365
5.25135e-05
0.996572
0.999898
0.895347
1.98543e-05
0.0681182
0.11834
0.992065
0.999916
0.940892
0.78165
0.999912
0.99796
0.993371
0.000126962
0.0912988
0.909308
8.53741e-06
0.246939
0.00564173
0.999263
0.49913
0.179192
0.283349
0.287941
0.213415
0.999931
0.997491
0.964786
0.00196369
0.00289475
0.919285
0.989573
0.414273
0.99196
0.00545684
0.00103864
0.00367695
0.910182
0.985249
0.29154
0.99661
0.992659
0.000947361
0.996398
0.69865
8.61475e-06
0.0343471
0.998669
0.0150279
0.0843994
0.999857
0.00506803
0.984944
0.0292677
2.38839e-05
0.999865
0.000816282
0.0119714
0.316645
0.491176
0.0181173
0.999858
0.400102
0.226494
0.000276311
0.996252
0.999102
0.000405984
0.997594
0.708853
0.083304
0.00171884
0.393508
3.05248e-05
8.22662e-05
0.831474
0.0038092
0.991637
0.777122
0.999055
0.0205936
0.0136228
0.999865
0.000535265
0.994414
0.999734
0.196545
0.00148533
0.999712
0.00435242
0.984412
0.00254078
0.940484
0.997166
0.998799
0.607198
0.0315058
0.0251158
0.0126978
0.970479
0.000980616
0.898128
0.0595428
0.774661
0.0862742
0.0238774
0.293367
0.135418
0.00366469
0.994133
0.984717
0.257437
0.798758
0.965388
0.999752
0.967236
0.998128
0.999851
0.0264291
0.999683
0.0586181
0.000803346
0.00171057
0.146262
0.91209
0.934289
0.999055
0.99994
0.00869171
0.997428
0.000167378
0.969832
0.466493
0.000130755
0.000900428
0.999434
0.00110223
0.999383
0.0586788
0.0720052
0.60872
0.066831
0.936803
0.00339202
0.999431
0.000682634
0.948319
0.00836994
0.000126032
0.640388
0.748346
0.177148
0.000421594
0.749655
0.0144731
0.996627
0.000185615
0.000487962
0.448158
0.00419599
0.00304206
0.220555
0.948904
0.845496
0.0642869
0.417244
0.00179995
0.854274
0.937488
0.00451658
0.137554
0.989392
0.999793
0.0030971
0.359843
0.956405
0.989359
0.999828
0.999911
0.90672
0.0112515
0.858996
0.997983
0.913706
0.997303
0.200106
0.990084
0.875406
0.0327035
0.000162383
0.996547
0.999689
0.999694
0.994495
0.999943
4.78246e-05
0.00140151
0.108693
0.155558
0.192213
0.956714
0.0182047
0.000195462
0.000607141
0.314237
0.891346
0.997414
0.000525668
4.18812e-05
0.999632
0.889161
0.999191
0.0421282
0.992629
0.544255
0.00169101
0.000213721
0.96367
5.59237e-05
0.900913
0.99133
0.00618174
0.572929
0.996572
0.997419
0.0729255
0.99973
0.999379
0.00679263
0.00638174
0.793784
0.000815947
0.490268
0.000108309
0.00719804
0.527332
0.00229611
0.31514
0.698167
0.941937
0.999942
0.999422
0.000162355
0.998492
0.195851
0.990298
0.57915
0.000920172
0.998263
0.131125
0.991703
0.999458
0.0280863
0.00558241
0.216152
0.994461
0.00344577
0.984816
0.486321
9.41102e-05
0.0185441
9.18233e-05
0.000298295
0.999482
0.00398817
0.345477
0.025542
0.000148144
0.0165036
0.989624
0.966168
0.993856
0.963691
0.00252418
0.124709
0.238662
0.654976
0.0582033
0.999927
0.416565
0.999882
0.0097583
0.893821
0.985983
0.000420559
0.501303
0.388802
0.98736
0.999889
0.971171
0.973995
0.0695511
0.998774
0.000574047
0.945635
8.80512e-05
0.840191
0.99973
0.116893
0.000365943
0.341601
0.0249156
0.0127886
0.999561
0.875883
0.14205
4.0139e-05
0.999708
0.803185
0.00468901
0.000371775
0.00197436
0.96439
0.351978
0.00299917
0.0276228
0.0109913
0.0004681
0.995889
0.000656938
0.844706
0.999381
0.999669
0.0433503
0.0498619
0.259663
0.886101
0.000168695
2.25625e-05
0.0011942
0.080352
0.0283255
0.999418
0.999943
0.955852
0.895671
0.0918013
0.720228
0.999903
0.998917
0.99984
0.703019
0.990912
0.0115956
0.000980349
0.381335
0.998165
0.00468466
0.958592
0.999932
0.000399569
0.930921
0.556919
0.0016772
0.988702
7.96492e-05
0.992101
0.999514
0.442328
0.99952
0.353856
0.000231118
0.996494
0.977416
0.00502701
0.999338
0.0226555
0.972466
0.998195
2.07198e-05
0.0967769
0.993779
0.00705156
0.999555
0.259307
1.97359e-05
0.911538
0.000578296
0.990665
0.685113
0.999964
0.350166
0.998599
0.972573
0.999772
0.988595
0.00045865
0.966371
0.00223901
0.999873
0.999251
0.980777
0.000446111
0.995582
0.99173
0.00168255
0.999853
0.530599
0.998577
0.000695592
0.996525
0.969255
0.995494
0.808926
0.999399
0.656641
0.000174163
0.807998
0.310345
0.485627
0.0776389
0.649564
0.137175
0.00146808
0.999756
0.630824
0.00228304
0.0166286
0.999777
0.0195161
0.000123082
0.960767
0.0434677
0.99994
0.999947
0.993089
0.999839
0.24223
0.802816
0.993092
0.00601094
8.34099e-05
0.0490281
0.999907
0.402736
0.834149
0.999959
0.000276027
0.755819
0.99293
0.453601
0.888651
0.489349
2.44267e-05
0.0856229
0.000710078
0.019149
0.99632
0.632497
0.157249
0.0260845
0.00311459
0.000767357
0.993471
0.0353101
0.0475926
0.999835
0.0937287
0.257674
0.980211
0.210558
0.971837
0.973221
0.0859934
8.51348e-05
0.10385
0.999332
0.000363822
0.256296
0.000350637
0.860532
0.00402481
0.801389
0.999696
0.850734
0.99837
0.00448527
0.999926
0.00125572
0.0110975
0.575016
0.000247452
0.999587
4.24104e-05
0.0468729
0.958429
0.999378
0.00132233
0.888679
0.991264
0.0222381
0.999511
0.999856
0.997725
0.925476
0.0093029
0.98322
0.288703
0.000886401
0.0778256
0.998949
0.0193688
0.00108756
0.319949
0.652313
0.000997583
0.792917
0.999325
0.0101698
0.999948
0.000816637
0.734421
0.958116
0.999571
0.977756
0.00193576
0.964377
0.0611069
0.00129501
0.000369098
0.999934
0.990987
0.0482313
0.0236211
0.00165761
0.000155831
0.0340505
0.693764
0.988901
0.958872
0.828631
0.990205
5.73031e-05
0.000993943
0.998497
0.000135108
9.67578e-05
0.391641
0.976328
0.197556
0.341941
0.140426
0.907867
0.999899
0.00567537
0.0475518
0.750286
0.999911
0.00307277
0.199378
0.000141699
0.00212989
0.999769
0.00722348
0.0032432
0.0659826
0.488008
0.999664
0.00574374
0.999478
0.999785
0.0415929
0.000450805
0.994684
0.115709
0.999691
0.0982881
0.047983
0.999726
0.00399201
0.00244765
0.090655
0.0723718
0.997656
0.0777128
2.69474e-05
0.0018421
0.604143
0.0276176
0.972068
0.991927
0.000526822
0.999799
0.941019
0.998062
0.995541
0.995243
0.920839
0.999743
0.0211402
0.000258518
0.00481047
0.00884917
0.0116371
0.99479
0.325546
0.0096233
0.943189
0.34962
0.999134
0.00386185
0.999923
0.99979
0.999387
0.928531
0.98561
0.991341
0.912263
3.24892e-05
0.999212
0.00293112
0.00685977
0.856746
0.338418
0.0345009
0.999935
0.998413
0.102833
0.0369269
0.892739
0.996734
0.0436971
0.061004
0.157229
0.00409453
0.0111563
0.997524
0.999379
0.00476324
0.999926
0.0471873
0.99729
0.0810697
0.613752
0.922964
0.933643
0.464347
3.60492e-05
0.146815
0.106464
0.999747
0.999932
0.999887
0.999719
0.151909
0.000303937
0.000290834
0.00425106
0.987877
0.998902
0.944556
0.996656
0.000293339
0.00365479
0.999769
0.999953
0.00462813
0.995115
0.00132521
0.998726
0.181515
0.045732
0.751672
0.99269
0.949868
0.924824
0.544205
0.999589
0.995459
0.00110873
0.919211
0.813254
0.0230226
0.940817
0.267734
0.976848
0.597422
0.949777
0.00212291
8.9461e-05
4.69427e-05
0.0963441
0.170219
0.668899
0.963558
0.992745
0.835907
0.000451242
0.0122317
0.608933
0.070806
0.00017642
0.193397
0.966303
0.9888
0.994738
0.975783
0.999516
8.05024e-05
0.793421
0.999743
0.970352
0.355121
0.987217
0.0164254
0.0486619
0.943526
0.846454
0.318995
0.000746229
0.199308
0.00151132
0.0245088
0.000273428
0.0453206
0.999684
0.957815
0.580445
0.0432619
1.18555e-05
0.999862
0.000440681
0.949318
0.941344
0.745346
0.687618
0.00300229
0.376431
0.819916
0.977762
0.999719
0.0419043
4.65547e-05
0.00139185
0.566442
0.00105876
0.0136202
0.906034
0.0442178
0.300142
0.999649
0.999272
0.176548
3.28202e-05
0.00646527
0.995767
0.989929
0.999136
0.288891
0.99991
0.000416872
0.955242
0.956292
0.000111754
0.7258
0.620188
0.746411
0.508745
0.0732668
0.661469
0.403067
0.99183
0.000278746
0.000123166
0.997589
0.07159
0.0194838
0.82336
0.000439412
0.999266
0.877435
0.00351152
0.556826
0.999913
0.00256386
0.105602
0.002864
0.135902
0.0699427
0.000329554
0.995478
0.188038
0.539447
0.311174
0.00184421
0.222406
0.970535
0.995905
0.962726
0.870634
0.00248051
0.275083
0.999428
0.987986
0.0213223
0.128374
0.00227338
0.00216322
0.981516
0.142284
0.00218469
0.539895
0.999947
0.369281
0.02329
0.998781
0.999849
0.999864
0.000498234
0.0325594
0.000122475
0.946318
0.914447
0.249124
0.00725432
0.779268
0.249014
0.0086786
0.999922
0.0033751
0.988285
0.999955
0.99938
0.997367
0.952573
5.24718e-05
0.000322585
0.0405724
0.117506
0.00423088
0.318133
0.314495
0.000850653
0.998756
0.081092
0.995074
0.409049
0.359486
0.881389
0.00364391
0.048365
0.88469
0.999659
0.990599
0.0266647
0.96449
0.449773
0.96278
0.999283
1.23745e-05
0.998182
0.495227
0.99961
0.000125671
0.0115701
0.999353
0.00271159
0.000120623
0.639746
0.999811
0.998569
0.999278
0.000122094
0.0494964
0.556326
0.532581
0.28395
0.00878252
0.000194105
0.000701211
0.999864
0.975302
0.987753
0.502052
0.999508
0.895364
0.0125151
0.994132
0.999866
0.986601
9.45018e-05
0.382296
0.0489862
0.999894
0.989187
9.27183e-05
0.000134786
0.984281
0.264246
3.5388e-05
0.999223
0.586213
0.00116004
0.999774
0.990118
0.999504
0.997063
0.976283
0.285593
0.81073
0.000337915
0.133524
0.0470849
0.995578
0.000355693
0.634765
0.985847
0.999385
0.000313946
0.996243
0.999889
0.99941
0.000457963
0.990731
0.947275
0.333183
0.962874
0.0574686
0.205381
0.999889
0.250642
0.979177
0.0946767
0.0378975
0.999639
9.30175e-05
0.00124651
0.906903
0.999825
0.000577836
0.999967
0.994662
0.731164
0.999672
0.0861222
0.993891
0.0461199
6.37037e-05
0.984946
0.999902
0.998809
0.998384
0.999257
0.998818
0.996837
0.287401
0.891267
0.000115633
0.00304266
0.00289224
0.998841
0.084398
0.90571
0.990063
0.572541
0.00212445
0.985407
0.00705448
0.987332
0.999804
0.195262
0.999942
0.995965
0.99962
0.00508743
0.822003
0.0087321
0.153137
0.0409252
0.00714239
0.972536
0.00148897
0.310218
0.999912
0.99872
0.807527
0.0261543
0.398287
0.999247
0.812461
0.998857
7.99657e-05
0.999302
0.999637
0.409896
0.0419818
0.9998
0.405359
0.950923
4.70008e-05
0.000767658
0.00032143
0.980983
0.999237
4.98562e-05
0.999542
0.000150928
0.986536
0.295913
0.999816
0.575564
7.10989e-05
0.919632
0.00278536
0.952677
0.992018
0.0127169
0.998447
0.00721898
0.92655
0.380634
0.272029
0.218299
0.990173
0.0184477
0.99977
0.999762
6.84584e-05
0.0409565
0.00343486
0.986006
0.999244
0.986937
0.947553
0.928982
4.54095e-05
8.89891e-05
0.884924
5.47337e-05
0.126054
0.000113915
0.059728
0.00026482
0.999803
0.99542
0.307531
0.999792
0.000490972
0.643635
0.00655923
1.03179e-05
0.0136001
0.0010706
0.0381642
0.000140575
0.00907793
0.414499
0.00156355
0.00482753
0.0237052
0.403192
0.992108
0.32166
0.727115
0.995854
8.10914e-05
0.999727
0.999073
0.999407
6.69649e-05
0.0180976
0.653398
0.0251114
0.00123876
0.0285318
0.837232
0.998486
0.0113136
0.000104644
0.998954
0.000311481
0.427558
0.00123114
0.019573
0.00118853
0.8095
0.997995
0.977431
0.999417
2.55916e-05
0.31579
0.998186
0.999805
0.555459
0.946724
0.999209
0.00257416
0.00617062
0.996955
0.736969
0.00319136
0.00321367
0.0569753
0.629821
0.000323622
0.94632
3.28895e-05
0.332663
0.222606
2.27489e-05
0.0474129
0.999678
0.0771745
0.861467
0.991247
0.999946
0.993582
0.0377433
0.984348
5.50616e-05
0.00059003
0.000230715
0.039302
0.999158
0.00127563
0.00376987
0.998805
0.999491
0.0535091
0.993973
0.999688
0.0671208
0.95886
0.139412
2.88895e-05
0.001921
0.259038
0.337401
0.0641896
0.000231528
0.99938
0.995724
0.00888667
0.724793
0.539948
0.110159
0.000228001
0.995568
0.000296312
0.63501
0.111904
0.899561
0.594093
0.0598504
0.99537
0.22211
0.172936
0.0161485
0.147949
0.918361
0.000661935
0.101769
0.000387056
0.126649
0.0106676
0.995887
0.999527
0.99577
0.824288
0.484391
0.995588
0.920689
0.274298
0.000253996
0.999731
0.937346
0.0289488
0.99985
0.564541
0.943781
0.38661
0.902964
0.995144
0.994802
0.570949
0.302922
0.0050145
0.982459
0.000197325
0.142661
0.825596
0.0414882
0.583826
7.55904e-05
0.000354116
0.365254
0.940025
0.0981843
0.720552
0.989465
0.999475
0.00127461
0.999905
0.0492473
0.199965
0.999929
0.998471
0.0360772
0.999847
0.950619
0.00405925
0.000333051
0.993961
0.739578
0.99959
0.994192
0.340896
0.999368
8.83874e-05
0.0806046
0.833654
0.99586
0.794648
0.570671
0.999195
0.000783062
0.717883
0.330577
0.999904
0.970524
0.0513944
0.979555
0.034818
1.49507e-05
0.437019
0.00178946
0.00536189
0.654873
0.999564
0.455567
0.708859
0.99991
0.052776
0.990706
0.0457955
0.999888
0.135444
0.986787
0.965691
0.000116006
0.00689249
0.999632
2.24012e-05
0.000274461
0.0834348
0.00134997
0.0384851
0.747928
4.70839e-05
0.861869
0.993257
0.18127
0.00931816
0.986515
0.14712
0.194836
0.713812
0.0605663
0.298895
0.000194312
0.00710578
0.999688
0.15656
0.000112291
0.548681
0.968534
0.999477
0.998561
0.999904
0.556146
0.00273445
0.0743027
0.989423
0.999587
0.975349
0.00967902
0.341242
0.922055
0.60865
0.98938
0.99799
0.00138503
0.0478277
0.217919
0.00471044
0.00059982
0.987711
0.916939
0.000636652
0.000183552
6.55147e-05
0.021417
0.0692284
0.485026
0.861793
0.999854
0.386527
0.000390672
7.7527e-05
0.0172861
0.00159037
0.00224029
0.00714237
0.889772
0.996918
0.000103273
0.000141236
0.999978
0.285023
0.931699
0.911299
0.999886
0.751086
0.0132859
0.99957
0.000693831
0.990867
0.0711214
0.990848
0.982733
0.00100942
0.00284745
0.00223719
0.944576
0.0112764
0.00209602
0.9994
0.508012
0.0561133
0.916777
0.998989
0.933617
0.133694
0.999806
0.000104146
0.342034
0.998333
0.00123241
0.000235563
0.00167118
0.999896
0.988182
0.445209
0.999455
0.958606
0.000197791
0.999725
0.99777
0.894476
0.668469
0.0135447
0.0306262
0.0108599
0.0165629
0.999791
0.998223
0.536662
0.979986
0.998743
0.99769
0.982459
0.990059
0.999937
0.880513
0.964246
6.26771e-05
0.27323
0.999469
0.462153
0.999956
0.000160465
0.0167205
0.000264785
0.00240928
0.000414637
0.96296
0.998949
0.971783
0.999563
0.753444
0.0526716
0.450648
0.000477113
0.999735
0.999937
0.000459289
0.982089
0.752545
0.999848
0.000182275
0.936688
0.00393468
0.999826
0.00712759
0.000674764
0.0833763
2.8218e-05
0.999561
0.265143
0.304975
0.999732
0.573447
0.99877
0.0621623
0.000354708
8.55403e-05
0.99992
0.135062
0.334325
0.000619084
0.998316
3.88947e-05
0.680574
0.000116333
0.000412561
0.608395
9.35134e-05
0.226071
3.88307e-05
0.0012962
0.79238
0.0386541
0.000866952
0.99969
0.999815
0.974011
0.0126287
0.0954812
0.998563
0.000152017
0.471578
0.0202329
0.999781
0.00481132
0.000145924
0.616664
0.00015609
0.999561
0.962821
0.985832
0.00331862
0.645958
0.0086252
0.103824
5.86379e-05
0.000173925
0.992834
0.685986
0.969372
0.0197374
0.0181781
0.998898
0.0446756
0.512484
0.000294971
0.000126664
5.06211e-05
0.218424
8.72209e-05
0.0357721
0.000290837
0.854705
0.0059087
0.0796561
0.000248047
0.00130761
0.999786
0.93578
0.999777
0.997256
0.025877
0.00188293
0.972411
0.974843
0.000183764
0.636142
0.998964
0.999869
0.998873
0.0853295
0.00171461
0.999691
7.20649e-05
0.000365718
6.88463e-05
0.933193
0.297095
0.505924
0.997471
0.00115521
0.00969825
0.244654
0.274491
0.99984
0.00885244
0.893957
0.0285043
0.841581
0.0853993
0.0017897
9.17421e-06
0.984208
0.763956
0.999328
0.895118
0.782511
0.000450075
0.000231791
5.08368e-05
0.998616
0.880129
0.999872
0.973853
0.00110839
7.57826e-05
0.0671156
0.612754
0.309629
0.00662137
0.0303665
0.990601
0.999506
7.60514e-05
0.000117022
2.641e-05
0.000479596
0.0426677
0.536931
3.1739e-05
0.0243797
0.0116212
0.000680142
0.861652
1.80445e-05
0.998856
0.853979
0.000742995
0.996108
0.99526
0.00850575
0.83178
0.146398
0.997736
0.966745
0.999875
0.998043
0.983323
0.991441
0.00124879
0.7992
0.655324
0.00943138
0.676548
0.761216
0.996231
0.216237
0.975558
5.46794e-05
0.993529
0.999945
0.994849
0.267213
0.999136
0.0627918
0.963696
0.999811
0.999957
0.999353
0.113072
0.439662
0.0236091
0.85203
0.782213
0.330007
0.014102
0.00350141
0.000615482
0.992786
0.11423
0.999624
0.00360854
4.36593e-05
0.99767
0.00225494
0.999548
0.999933
0.992173
8.34317e-05
0.205721
0.99787
0.0569931
0.000695756
0.999795
0.999671
0.99071
0.398033
0.999843
0.141935
0.995353
0.209455
0.00150641
0.0893555
0.200859
0.998592
0.992542
0.386615
0.0412131
0.000391575
0.986074
0.0814517
0.0105335
0.0387225
0.987863
0.997557
1.04354e-05
0.999076
0.181745
